0.078372 156
116.748449 1
0.073706 1
0.209599 1
0.294362 1
0.081616 1
0.281596 2
0.019275 508
0.001144 156
7.244144 1
0.075295 1
0.196174 1
0.274627 1
0.250705 1
0.203342 1
0.589896 1
0.624320 1
0.164273 2
0.000717 168
0.599778 1
0.104404 1
0.233438 1
0.135264 1
0.107212 1
0.402336 4
0.184349 4
0.489630 1
0.056899 1
0.175103 2
0.016849 35
0.000855 168
91.430768 1
0.031940 1
0.063238 1
0.166702 1
345.102413 1
0.149163 1
0.252664 1
0.360272 1
0.209859 1
0.278815 1
0.107609 1
0.172316 1
0.091452 1
0.333050 1
0.772386 1
0.131245 1
2.131239 2
0.361093 72
0.003920 63
0.056738 45
0.001259 2029
0.000855 1560
2.049964 21
0.002252 84
3.786254 31
0.187024 29
0.103572 29
0.278336 29
0.342524 37
0.130287 29
0.179038 29
0.268962 29
0.114381 29
0.108087 29
0.298405 30
0.743392 48
0.376159 30
0.082961 30
0.161325 30
0.221956 30
0.067816 30
0.149172 30
0.308646 30
0.126709 30
0.281213 55
0.584077 40
0.611040 29
0.074431 29
0.103693 29
0.083392 29
0.271925 48
0.083396 28
0.141215 29
0.069639 29
0.144353 31
0.072676 30
0.156508 30
0.066416 30
0.095864 30
0.175062 30
0.141019 52
0.267124 29
0.172216 30
0.186193 30
0.181059 31
0.306079 30
0.466677 39
0.637129 30
1.031489 40
2.213656 29
0.074667 29
1.036429 37
0.240047 37
0.932592 37
3.485347 29
0.045601 29
0.176184 29
0.234579 29
0.126721 42
1.011618 28
0.502180 29
0.207662 29
0.351911 31
0.328636 30
0.191368 30
0.108434 30
0.078509 30
0.130642 30
0.058928 30
1.476694 29
0.285022 30
0.070458 43
0.298162 29
0.295249 73
0.217957 69
0.588089 41
1.524196 30
32.497020 32
0.460030 28
0.192082 28
0.215634 28
0.187466 28
0.550227 28
1.982696 55
0.195830 51
0.194258 51
0.291560 51
0.329290 51
0.613078 41
0.356116 41
0.053994 41
0.161091 41
0.171323 41
0.409329 55
1.053355 30
0.770696 30
150.023020 33
0.132965 49
0.083724 37
0.151622 33
0.160735 33
0.109075 51
0.903406 32
0.131797 34
0.179951 33
0.171702 33
0.181643 33
0.183893 33
0.193415 33
6.547236 33
0.306654 73
0.294660 30
0.879329 33
0.049097 49
0.087996 37
0.148911 33
0.098856 33
0.090741 51
0.091032 32
0.713262 34
0.041747 33
0.071628 33
0.222375 33
0.045987 33
0.324650 33
0.896734 34
0.298304 33
34.750010 73
0.351371 30
3.595874 33
0.072520 49
0.110471 37
0.110113 33
0.105369 33
0.084607 51
0.636294 32
0.510240 34
0.141396 33
0.316608 33
0.558545 33
0.311983 33
0.080120 33
0.331635 33
0.415239 33
0.163895 46
1.361872 51
1.876947 40
0.080469 33
0.142097 33
0.120242 33
0.099895 33
0.065031 57
0.158243 32
0.437342 33
0.595140 34
0.474466 33
0.087276 33
0.136364 33
0.105466 34
0.108334 33
0.106152 33
0.415826 32
0.479942 33
0.206732 32
0.275839 33
0.122863 33
0.098747 33
0.215286 33
0.124500 34
1.472440 33
1.555936 56
1.246609 83
0.376606 30
190.321724 28
0.176323 28
0.134962 28
0.153543 32
0.338807 28
0.190033 28
0.292329 56
0.263845 51
0.197183 51
0.147444 51
0.112477 51
0.155944 51
0.750071 41
0.103345 41
0.086597 41
0.113825 41
0.195927 54
0.294858 28
0.437983 28
0.024639 28
0.023695 30
0.024130 29
0.023553 29
0.023477 29
0.024675 29
0.023302 29
0.024291 29
0.025383 47
0.023835 29
0.023009 1
0.353987 122
0.007544 33
0.548880 40
0.882272 33
1.444225 33
0.078722 33
0.235470 33
0.206780 33
0.177060 57
0.534288 33
0.845509 29
0.244603 32
0.438927 32
0.023668 32
0.024417 32
0.023579 32
0.024254 32
0.329590 31
0.927376 62
0.443053 35
0.084427 33
0.438602 32
0.023941 32
0.023559 32
0.023719 32
0.024311 32
0.023529 32
0.024175 31
0.023802 30
0.025036 1
0.417902 30
0.247243 32
0.269990 31
0.340476 61
0.287519 35
0.145701 33
0.294787 32
0.194521 32
0.248759 32
0.207049 32
0.172985 32
0.181618 32
0.171774 31
0.514541 102
9.014118 29
0.248787 32
0.438544 32
0.026566 32
0.020978 32
0.024428 32
0.024146 32
0.024152 33
0.023609 32
0.024157 32
0.023920 32
0.023121 32
0.025067 32
0.024130 32
0.023299 1
0.415607 76
2.766241 33
0.053252 33
0.055295 33
0.633633 47
0.109086 32
0.705611 33
0.115804 34
0.599593 43
0.673118 34
0.095325 33
0.237473 33
0.274361 33
0.114546 33
0.087571 33
0.116665 33
0.046868 33
0.607958 33
1.648703 33
0.016583 50
0.136583 37
0.172926 33
0.127361 33
0.153033 51
0.255709 32
0.729541 33
0.268654 33
0.083973 32
0.577634 33
0.127689 50
0.102586 37
0.135359 33
0.147361 33
0.128877 51
0.934458 32
1.023224 33
0.865611 56
1.115209 64
0.080815 51
0.369152 32
0.192267 102
0.316151 110
0.625014 55
1.490757 32
2.956498 33
0.113110 33
0.148115 33
0.140729 33
0.110264 33
0.120434 34
0.289443 32
0.152821 33
0.161529 32
1.571354 33
0.111266 33
0.112234 80
1.921549 34
0.078200 34
0.076868 34
0.201587 34
0.123323 34
0.438875 34
0.347212 34
0.100655 33
0.630205 34
1.022999 34
3.228712 36
0.323132 32
0.545628 32
0.446936 32
0.358625 32
0.438534 33
0.023601 50
0.024860 32
0.023665 39
0.022956 32
0.024142 32
0.024080 32
0.024390 32
0.022611 32
0.024496 32
0.023788 33
0.024402 32
0.023671 32
0.543113 32
0.462839 32
0.200331 32
2.377222 32
0.266225 34
0.263730 36
0.198932 61
0.145564 52
0.233442 35
0.244453 59
1.322656 57
0.241389 39
1.310061 30
0.077774 30
0.109630 41
0.105594 29
0.151001 30
0.113663 30
0.080279 30
0.079675 30
0.960343 32
0.050411 44
1.112580 36
0.031350 44
0.368177 30
0.251637 78
0.184610 74
0.245503 43
0.239072 31
0.706232 34
0.075114 34
0.146612 34
0.047208 34
0.095905 34
0.086763 58
0.137189 33
0.272304 43
0.394506 34
2.607107 42
0.102283 18
0.000434 40
2.215446 23
0.001820 33
0.329939 1
0.064466 1
0.318536 1
0.002428 14
0.000140 14
0.009929 24
0.006463 33
0.000410 29
0.018311 168
1.757845 1
0.554743 1
0.115493 1
0.185645 1
1.239912 1
0.144433 1
0.173344 1
0.237379 1
0.181218 1
0.088151 1
0.077100 1
0.131869 1
0.351439 1
0.398305 1
0.151855 1
0.203234 1
3.144119 1
0.072611 1
0.238089 1
0.462777 1
0.146861 1
0.195763 1
0.214374 1
0.171113 1
0.101401 1
0.081979 1
0.147841 1
0.067003 1
0.248943 2
0.031069 83
0.003036 65
0.000282 25
0.001361 168
5.939922 1
0.610623 1
0.110229 1
0.136767 1
0.810353 1
0.228596 1
0.349277 1
0.367437 1
0.234085 1
0.133812 1
0.289042 1
0.157222 1
0.163541 1
1.188488 1
0.126215 1
0.155878 1
0.579866 1
2.079788 1
0.053598 1
0.688229 1
0.803728 1
0.155826 1
0.251320 1
0.227976 1
0.189249 1
0.129956 1
0.090321 1
0.173647 1
0.065774 1
0.209942 2
1.593948 235
0.001035 178
0.041571 168
3.910626 29
0.660378 73
0.334352 49
0.779189 2
0.050944 72
0.004533 52
0.002666 10
0.009887 27
0.000334 18
0.002491 1888
0.570734 25
0.001048 64
0.362780 25
0.000715 59
0.339423 24
0.002499 70
0.894850 49
0.955080 22
0.000189 87
0.581232 29
1.001066 46
3.465015 40
0.100760 17
0.306547 34
0.002752 22
0.000133 33
0.154794 1
0.087308 1
0.045070 1
0.000507 14
0.000120 14
0.011161 18
0.003206 62
0.006706 168
0.538343 16
0.176592 45
0.687102 2
0.272814 235
0.031074 168
38.918033 29
0.221397 50
0.522851 2
0.060401 72
0.008087 52
0.000586 10
0.011924 31
0.000254 14
0.002170 1883
1.064049 24
0.000238 45
0.260464 24
0.000247 41
0.112953 24
0.000248 41
0.472204 24
0.000261 41
0.192012 24
0.000853 44
0.321417 23
0.000253 39
0.234092 23
0.000212 44
0.440882 24
0.000128 44
1.018714 22
0.000178 88
3.143069 40
0.101183 17
0.000250 35
0.746966 24
0.000315 44
4.642665 22
0.002061 6
0.417587 28
0.288802 24
0.000967 89
1.302930 23
0.100615 58
0.294572 22
0.000106 33
0.188817 1
0.070770 1
0.044644 1
0.000330 14
0.000110 14
0.017711 18
0.004889 62
0.009377 168
0.402780 16
0.025843 19
0.157894 16
0.192152 45
0.658266 2
0.716378 168
0.539651 29
0.172385 50
0.838048 45
0.437464 32
0.025202 1
0.023046 1
0.024175 1
0.024610 1
0.024163 1
0.030336 1
0.017088 1
0.024590 1
0.023367 1
0.024869 1
0.023114 1
0.024421 1
0.023771 1
0.024174 1
0.023349 1
0.024529 1
1.390933 1
0.031741 1
0.587908 1
0.155623 1
0.225290 1
0.260080 1
0.180489 1
0.096641 1
0.092544 1
0.111663 1
0.045719 1
0.147228 2
0.024891 168
1.365753 11
0.201453 40
0.430693 50
0.494816 2
0.085319 72
0.007155 52
0.000308 10
0.009017 45
0.002268 1871
1.182836 24
0.000216 46
0.188711 24
0.000148 49
0.438940 25
0.001520 74
0.021990 25
0.001128 60
0.023060 25
0.000159 48
0.023885 25
0.000266 46
0.213444 24
0.000222 45
0.188700 24
0.000884 62
0.184086 25
0.000967 63
0.363194 25
0.000717 64
1.169934 23
0.000144 89
0.231995 30
0.645726 126
1.125803 34
0.169887 34
0.193433 34
0.231769 34
0.182089 34
0.143481 34
0.097882 34
0.181655 35
0.082249 34
1.051153 33
0.211491 34
0.500883 34
0.292261 33
0.182038 34
0.113438 33
2.193551 34
0.193081 34
1.365493 35
0.418819 34
0.204282 34
0.134347 34
0.108589 34
0.132799 34
0.072023 34
0.483153 34
1.592894 42
0.439672 34
0.102613 34
1.049213 42
0.651278 55
0.703994 48
1.876620 42
0.100507 18
0.000283 40
0.260122 50
0.000299 6
0.143863 1
0.083958 1
0.055118 1
0.000418 14
0.000093 14
0.024318 18
0.004506 62
0.010828 168
53.889378 16
0.501070 2
0.055124 72
0.003869 52
0.003057 10
0.006209 27
0.000344 18
0.002466 1803
1.929778 25
0.000313 49
0.473886 25
0.000286 49
4.478781 49
0.000281 6
0.248636 1
0.094401 1
0.005104 89
0.010153 168
1.327080 16
0.163438 31
0.149590 40
0.485080 2
0.558366 168
1.078863 29
0.168218 50
0.671750 2
0.046116 72
0.005161 52
0.002045 10
0.009777 45
0.002542 1803
1.880947 23
0.000156 94
0.220203 33
4.609655 78
3.732671 34
0.221192 34
0.225082 34
1.353286 60
0.119097 47
0.307715 34
0.099053 34
0.132110 35
0.124621 34
0.403045 33
0.809570 34
0.121747 34
0.120308 33
2.614099 34
0.095847 34
0.427352 44
0.442325 34
0.883602 34
0.324904 34
0.191820 35
0.384741 34
0.762557 34
0.353015 34
0.074512 34
0.288780 34
0.365005 34
0.041346 47
1.005250 37
0.344372 34
0.119862 35
0.186332 33
0.218851 34
0.218146 34
0.209839 34
0.308688 34
0.138032 34
0.220152 34
0.064789 34
0.168406 34
0.129853 35
0.426858 34
0.477220 42
0.100978 18
0.000181 40
0.531413 23
0.000193 33
0.183184 1
0.082900 1
0.029127 1
0.000496 14
0.000126 14
0.024446 18
0.006025 62
0.008823 168
0.448231 16
0.201979 45
0.178560 50
0.635071 31
0.089876 40
0.707236 2
0.481706 168
0.537702 29
0.181355 50
0.151284 45
0.151871 50
0.168421 31
0.167391 40
0.412732 45
0.452049 2
0.012404 4
0.000776 168
154.658258 11
0.766290 40
0.771580 50
0.729493 2
0.130081 72
0.007468 52
0.000268 10
0.011293 27
0.001152 18
0.003061 1722
0.958993 25
0.000274 49
0.438471 25
0.001489 67
0.022453 25
0.001426 62
0.022187 24
0.000178 45
0.024098 24
0.000277 48
0.023861 25
0.000188 49
0.023710 25
0.001195 75
0.022258 25
0.000920 66
0.023183 25
0.000221 48
0.426049 24
0.000209 50
0.208781 25
0.001223 75
0.219442 25
0.000983 66
0.933338 25
0.001514 75
1.521327 23
0.001493 91
0.324367 33
0.534311 97
1.196481 34
0.057489 50
0.114800 38
0.114737 34
0.111689 34
0.111869 52
0.127799 34
0.685817 34
0.074399 34
0.198410 34
0.630806 34
0.156181 34
0.217212 34
0.202890 34
0.128798 34
0.147113 34
2.437325 35
0.028399 47
3.290854 56
1.455773 44
0.104756 34
0.229686 34
0.262023 34
0.388693 44
0.234270 44
0.437745 44
0.026722 69
0.023149 70
0.027112 53
0.019737 45
0.022730 44
0.024311 44
0.023662 44
0.024802 44
0.023600 44
0.024750 44
0.972680 34
0.213787 34
0.149336 34
0.158867 34
0.249710 34
1.182660 34
0.169918 35
0.158551 34
0.143232 34
1.366837 34
0.052261 47
1.484140 56
0.042283 52
0.382546 33
1.154757 57
0.097320 57
0.198656 57
0.105344 57
0.165020 58
0.096455 106
0.167102 57
1.354834 70
0.724750 57
0.412947 57
1.112932 57
0.705696 57
0.142142 57
0.122251 57
0.158952 58
0.188458 57
0.161442 57
0.850520 57
0.367173 57
0.150715 57
0.878514 70
0.132755 57
0.390798 57
0.241385 57
0.233120 58
0.069949 57
0.141772 57
0.204590 57
0.103266 57
1.693415 57
0.448143 33
4.730467 42
0.100324 18
0.001752 40
0.401652 23
0.000935 27
0.000143 6
0.217199 1
0.071181 1
0.126389 1
0.001459 14
0.000176 14
0.027627 18
0.005943 62
0.010864 168
0.580629 16
0.197298 31
0.159469 40
1.160731 50
0.356548 45
0.261499 2
0.751522 168
572.214489 29
0.496790 50
0.071675 45
0.424321 50
0.417810 2
0.146449 72
0.012623 52
0.000362 10
0.021819 45
0.005373 1712
1.338353 25
0.001411 88
0.681373 51
1.126876 23
0.000456 94
0.716241 33
0.607456 95
1.632922 34
0.091034 34
0.058079 34
0.351459 48
0.109799 33
1.621580 34
0.151682 35
0.397759 45
0.357046 35
0.420348 34
0.082512 34
0.360579 34
0.048974 47
0.950423 54
0.030989 50
0.327735 33
0.239890 108
0.209155 111
0.317431 71
0.767624 71
0.642212 48
0.184716 33
0.675780 34
0.230933 34
0.219592 34
0.308258 54
0.117636 42
0.123801 34
0.437904 34
0.164580 35
0.115878 34
0.170026 34
0.195425 34
1.566591 34
0.120449 34
0.918146 42
2.561594 42
2.994591 44
2.343715 42
0.309615 42
0.177095 42
0.108312 43
0.130275 42
0.029561 42
1.213257 42
0.132784 42
1.855983 42
2.047353 33
0.208775 34
0.132088 34
0.088399 33
1.629990 35
0.296714 34
0.278086 34
0.125007 34
0.131041 34
0.063597 34
0.755363 33
0.238019 34
0.121981 34
0.032211 33
0.696411 35
0.179520 34
0.197087 34
0.288850 34
0.120289 34
1.006516 44
0.139528 44
0.107358 44
0.145959 44
0.125232 45
0.141705 33
0.116354 44
0.655201 34
0.213055 33
0.465599 35
0.211397 34
0.139356 34
0.298855 34
0.116685 34
1.097700 34
0.078746 34
0.149515 34
0.075016 34
0.633402 34
0.441750 80
0.892214 34
0.231864 34
0.145624 34
0.333454 62
0.115531 48
0.182593 35
0.300351 34
0.183313 34
0.150828 34
0.797825 34
0.148539 34
0.708035 42
0.692289 42
0.153871 42
0.061612 42
0.216405 43
0.087728 42
0.268358 42
0.218122 42
0.712168 44
0.246366 44
0.588026 42
0.174207 42
0.446432 42
1.109279 33
0.278639 34
0.154023 34
0.105844 33
1.232528 34
0.237860 35
0.008591 34
1.133237 44
0.120548 45
0.254404 35
0.069943 34
0.360002 34
0.119322 34
0.668180 33
0.516418 34
0.123014 34
0.095117 33
0.210860 34
0.219271 34
0.201706 35
0.467594 34
0.124796 34
0.227051 33
0.380277 33
0.412110 34
0.110247 34
0.141599 34
0.520852 34
0.742160 34
1.589110 30
0.008887 30
0.227778 63
0.405373 98
10.699029 34
0.205728 34
0.128627 34
0.186968 48
0.239283 33
1.178466 34
0.084959 35
0.054767 34
0.157033 34
0.525409 34
0.252641 34
0.196031 34
0.229648 34
3.368725 34
0.383926 34
0.195147 34
0.227166 35
0.638900 34
0.233437 34
0.090246 34
0.120948 34
0.119902 34
0.042933 34
0.258913 33
0.844348 34
0.587494 34
1.935350 59
1.159486 64
0.052335 50
0.627117 33
0.280790 108
0.237586 111
0.495142 52
2.587241 33
1.483805 34
0.038391 50
0.383189 34
48.616918 34
0.533866 34
0.066932 35
0.404255 54
0.571675 34
2.109170 34
0.213841 34
0.151993 34
0.510077 34
0.306213 34
0.126926 34
0.207906 34
1.065407 35
0.488931 47
0.939959 37
0.984355 34
0.103255 34
0.277480 33
3.645091 34
1.148276 44
1.270254 34
1.521200 34
0.283892 34
0.566174 34
0.527405 35
29.680827 34
0.439702 33
0.022525 33
0.029018 33
0.021992 33
0.020897 33
0.023806 33
0.024194 33
0.026272 47
0.023270 33
0.024180 34
0.022550 35
0.025137 33
0.021937 33
0.136383 33
0.154809 33
0.146944 33
0.164379 33
0.918284 71
1.755687 74
0.277524 52
0.644894 33
0.438420 33
0.023999 33
0.023675 33
0.024550 33
0.023316 33
0.027091 46
0.022794 33
0.023415 33
0.023973 37
0.022867 33
0.023658 33
0.026406 33
0.413823 33
0.233580 33
0.295481 33
0.174442 34
0.140907 33
1.459813 34
0.088617 34
0.131160 34
0.122081 34
0.041265 34
0.733300 33
0.916704 34
0.079223 33
1.227885 35
0.301720 34
0.763294 34
1.254125 34
0.112155 34
0.219630 34
0.213704 34
0.089451 34
0.330560 58
2.109034 74
1.081585 69
0.045893 54
0.349615 33
0.275274 108
0.215596 111
0.394730 51
0.744063 33
0.381631 34
0.053270 34
0.151512 34
0.076986 34
0.178827 35
0.035937 58
0.137123 33
0.128362 34
0.244426 34
0.176254 34
0.220409 48
0.008786 42
0.482370 61
0.655952 34
0.276729 63
0.658801 51
0.148900 34
0.072884 34
0.159329 34
0.169309 55
0.190378 33
0.288552 54
0.064705 54
0.209456 33
0.245744 108
0.138403 111
0.198559 51
0.247325 33
0.786070 34
0.063350 34
0.137427 34
0.047942 34
0.102010 35
0.124571 58
0.157370 33
0.188864 34
0.078224 34
0.126928 34
0.077047 34
0.149387 50
0.151590 34
1.196709 63
0.160712 89
0.431959 121
41.291204 32
0.284706 31
0.215355 150
0.912360 45
0.101145 18
0.005759 37
0.303622 23
0.000619 33
0.187563 1
0.048306 1
0.103079 1
0.001412 14
0.000136 14
0.034161 18
0.007954 8
0.000168 54
0.020314 168
0.492518 16
0.189365 45
0.153878 50
0.383979 45
0.526852 50
0.484130 45
0.295661 2
1.391762 168
1.520075 29
0.239511 50
0.455514 2
0.099562 72
0.010210 52
0.000701 10
0.014822 45
0.013573 1019
2.602587 25
0.004038 153
0.457193 25
0.003269 75
0.396930 25
0.002831 66
0.102029 25
0.001089 125
0.176960 24
0.000619 96
0.175221 24
0.002884 65
0.153715 25
0.002593 66
0.568050 25
0.000509 46
0.436952 25
0.000562 46
0.023074 25
0.000472 46
0.023190 25
0.000344 46
0.023846 25
0.000382 46
0.023422 25
0.000444 46
0.023324 25
0.000204 46
0.023675 25
0.000348 46
0.023606 25
0.000335 46
0.025510 25
0.000491 47
0.021573 25
0.000288 46
0.024144 25
0.000385 46
0.022897 25
0.000308 46
0.027550 71
0.020301 25
0.000547 46
0.022899 25
0.002574 61
0.021477 25
0.001346 53
0.022701 25
0.000286 46
0.023466 25
0.000365 46
0.458865 25
0.000395 46
1.781454 25
0.000284 46
1.962641 23
0.000478 95
0.527331 81
0.385895 40
0.205999 33
0.129820 52
0.299584 76
56.858479 40
0.351590 57
1.274326 67
0.159021 33
0.375230 52
0.562943 44
1.181075 52
0.991506 72
0.047774 72
0.364139 72
0.712698 33
0.178371 47
2.687981 101
1.269955 34
0.146260 34
0.271023 34
0.224153 34
0.186731 34
0.129698 34
0.084853 34
0.181154 35
0.071197 34
0.370502 33
1.068916 34
1.099856 34
1.311733 33
0.141749 34
0.236243 33
0.408948 33
0.161529 44
0.388436 34
0.080662 33
1.795252 34
0.185959 34
0.196718 35
0.286891 34
0.240476 34
0.088484 34
0.161130 34
0.019492 34
0.061927 34
0.360552 44
0.150030 44
0.148668 44
0.758867 34
0.059733 34
0.103925 34
0.842592 34
15.022305 42
0.617541 34
0.086935 34
0.827079 42
0.083498 42
0.392426 42
0.393725 42
1.320894 57
0.546330 48
0.716514 101
3.156063 40
0.100480 17
0.000960 35
0.088246 24
0.000376 45
1.385414 28
0.105585 22
0.002901 222
0.499541 27
0.000369 45
1.210085 22
0.000339 88
0.408748 31
8.082357 584
4.370346 1136
6.287997 1701
21.206912 30
0.591434 30
30.695711 33
0.221523 33
0.200461 33
0.396013 53
0.108373 41
0.346422 33
0.077428 33
0.150663 34
0.114562 33
0.211333 32
0.206664 33
0.127233 33
0.100034 32
2.004757 41
0.143655 41
0.423594 32
2.701898 42
0.207991 42
0.374966 42
0.271600 43
0.188592 42
0.101880 42
0.105290 42
0.126979 42
0.045360 42
0.389297 42
0.139117 42
0.015101 42
0.393246 53
0.149268 53
0.240441 42
1.630966 42
0.108398 42
0.187093 33
1.015308 32
3.550945 33
0.131875 33
2.954408 32
0.146298 33
0.248954 33
0.219980 33
0.538765 33
0.115328 33
0.417882 34
0.418510 33
0.103758 33
0.939058 43
0.836646 33
0.077782 33
0.407332 43
0.241556 33
0.671886 33
0.858101 76
2.302466 33
0.208067 33
0.165266 33
0.335584 59
0.114234 46
0.470410 33
0.175283 33
0.110250 34
0.288713 33
1.075092 32
0.342881 33
0.127836 33
0.041355 32
0.890905 41
0.984337 41
0.450502 41
1.017437 41
0.400121 43
0.482437 43
0.163303 43
0.474575 43
2.779803 41
0.265929 41
0.223397 41
0.145678 41
0.151824 42
0.116719 41
0.157480 41
1.620124 43
0.183248 43
0.177216 44
0.169707 43
0.188353 43
0.447837 43
10.235794 29
0.764472 32
0.438616 32
0.023682 32
0.024184 33
0.023896 32
0.023566 32
0.024331 32
0.024074 32
0.023605 32
0.023851 32
0.024293 32
0.024433 32
0.283425 32
4.323061 35
0.935303 43
0.908189 33
0.371771 33
0.298856 33
0.494286 33
0.080997 34
0.105658 33
0.063155 33
0.586451 33
0.135614 46
1.457148 36
0.255960 33
0.130296 33
0.068537 32
1.095354 33
0.220501 34
0.197187 33
0.300569 33
0.569000 33
0.506321 33
0.104490 33
0.084981 33
0.136523 33
0.482296 33
0.281863 76
0.958860 33
0.238920 33
0.185788 33
0.315667 59
0.104163 46
0.322590 33
0.108080 33
0.089699 34
0.116436 33
0.322178 32
0.193250 33
0.155957 33
0.110244 32
2.298126 33
0.109067 33
0.570980 33
7.615364 43
0.199307 43
0.152407 43
0.857519 41
0.731401 41
0.178014 41
0.165184 41
0.140963 42
0.162692 41
0.089947 41
0.134498 41
0.138513 41
0.155975 41
0.345780 41
0.726749 43
1.695565 41
0.081017 41
0.335612 41
0.322987 32
0.697869 34
0.576429 44
0.259774 34
0.110226 33
0.037248 32
1.735863 33
0.517616 33
0.440604 33
3.242668 33
0.096685 33
0.190069 33
0.311147 33
0.143767 34
0.132337 33
0.384233 33
0.198290 33
0.145922 33
0.139940 33
0.165712 33
0.217675 33
0.587748 33
0.048703 46
3.030344 37
0.256197 33
0.130671 33
0.058085 32
0.209961 33
0.198628 33
0.152558 33
0.277257 33
0.119651 33
0.226613 33
0.136134 34
0.941215 44
0.438996 43
0.023787 43
0.023815 43
0.024554 43
0.023939 43
0.023799 43
0.179204 32
0.526385 32
0.277079 33
0.071082 33
0.103647 33
0.199447 33
1.889419 33
0.740382 32
0.439144 32
0.024054 32
0.023512 32
0.024183 32
0.023850 32
0.023543 32
0.023936 32
0.026457 47
0.024178 32
0.022765 32
0.023097 34
0.023179 32
0.024346 32
0.024143 32
0.023502 32
0.024061 32
0.301115 35
0.277646 35
0.650541 32
0.179726 33
0.339096 49
0.256629 49
0.150842 49
0.199660 49
0.367720 49
0.418954 32
0.437533 32
0.024291 32
0.023995 32
0.023758 33
0.024059 32
0.023903 32
0.023844 32
0.023649 32
0.046765 32
0.002051 32
0.024858 32
0.022342 32
0.024145 32
0.023696 33
0.023884 32
0.023496 32
0.024237 32
0.023810 32
0.024308 32
0.024020 32
0.023834 32
0.023337 32
0.024117 32
0.023850 33
0.024221 32
0.024143 32
0.334265 32
0.415402 32
4.230700 42
0.101125 18
0.000305 36
0.874471 25
0.000318 45
2.538830 29
0.397206 29
0.660648 25
0.001326 96
0.853548 24
0.000411 40
1.612208 22
0.000307 6
0.263173 28
0.143144 24
0.001587 75
0.608442 24
0.000198 40
0.720335 22
0.000272 6
0.789286 28
0.232618 24
0.001586 103
1.885584 22
0.000166 87
2.337111 32
0.437329 32
0.024374 32
0.023532 32
0.023431 32
0.024093 32
0.023943 32
0.023999 33
0.024426 32
0.024697 32
0.022604 32
0.023928 32
0.024026 32
0.024153 32
0.023791 32
0.024001 32
0.023476 32
0.025100 33
0.023723 32
0.022979 32
0.024254 32
0.024623 32
0.023424 32
0.023894 32
0.023597 32
0.023849 32
0.024142 32
0.023973 33
0.024344 32
0.023502 32
0.024071 32
0.023501 32
0.023987 32
0.023748 32
0.025820 32
0.022489 32
0.024055 32
0.023130 33
0.025053 32
0.025110 44
0.023327 32
0.024821 32
0.023774 36
0.022068 32
0.023936 32
0.023710 32
0.024105 32
0.023438 33
0.024022 32
0.024218 32
0.024009 32
0.023781 1
0.424993 76
0.908617 33
0.129525 33
0.075511 33
0.084717 33
0.199307 32
0.222858 33
0.129646 33
0.092963 33
1.008339 41
0.769528 41
0.299299 41
0.070611 41
0.218511 41
0.321241 41
0.347520 41
1.898912 41
0.394904 43
0.714131 41
5.063768 29
0.440086 48
0.021998 32
0.023931 29
0.023432 30
0.028662 61
0.021413 41
0.021518 30
0.702530 75
0.221509 75
3.438449 29
0.060395 29
0.060282 29
0.140954 41
0.361008 28
0.784358 29
0.282706 29
0.422769 29
0.084713 31
0.123266 30
0.702084 30
0.136876 30
0.248843 30
0.225059 30
0.176831 30
0.096660 30
0.106681 30
0.121374 30
0.091995 31
1.063761 30
0.278709 30
0.190725 30
0.638835 30
0.363768 30
0.480889 30
0.212625 30
0.970250 30
0.276554 30
0.098590 31
0.265173 29
0.157023 30
0.073539 30
0.434321 40
1.500577 54
0.575914 45
0.039400 43
0.342530 29
0.243909 102
0.222540 104
0.466640 46
1.370635 52
0.232995 42
0.132011 28
0.139992 28
0.154766 28
0.257830 81
0.337465 30
3.661879 40
0.100480 17
0.000271 34
0.735846 24
0.000306 42
2.077840 28
0.277943 22
0.000223 6
0.153341 22
0.000229 73
1.202396 28
0.228530 22
0.000144 6
0.142901 22
0.000234 29
0.001853 505
0.499003 24
0.000405 40
0.208046 24
0.000543 40
0.142208 24
0.001471 55
0.150157 24
0.001340 53
0.164377 24
0.001669 67
0.336863 24
0.003409 59
0.872438 22
0.002762 28
0.001806 304
1.113368 24
0.000330 45
2.021743 24
0.000238 45
0.858757 24
0.000299 40
0.220667 24
0.000384 45
0.439067 25
0.000400 45
0.023086 25
0.000323 45
0.023375 25
0.000323 45
0.023131 25
0.000291 45
0.024309 25
0.000356 45
0.023335 25
0.000460 45
0.023266 25
0.000231 46
0.024023 25
0.000351 45
0.023135 25
0.000294 45
0.023513 25
0.000229 45
0.296708 25
0.000382 45
0.349732 25
0.000262 45
0.343374 25
0.000329 42
0.433768 25
0.000553 45
0.437452 25
0.000275 45
0.024208 25
0.000190 45
0.023386 25
0.000416 45
0.023208 25
0.000299 46
0.025643 25
0.000233 45
0.744454 29
0.125593 23
0.000789 184
0.493386 24
0.000277 45
0.458926 25
0.000462 45
0.002862 25
0.000290 45
0.023473 25
0.000279 45
0.023803 25
0.000558 45
0.023094 25
0.000316 45
0.023803 25
0.000355 45
0.358750 25
0.000416 46
0.415668 25
0.000231 45
0.297634 25
0.000323 45
0.758285 25
0.000428 45
0.755934 29
0.037378 25
0.001507 66
1.717077 25
0.000290 42
0.425673 25
0.000353 42
0.188865 25
0.000265 47
0.755759 28
0.135404 22
0.001299 185
1.495558 24
0.000375 41
3.155473 24
0.000290 40
0.437024 24
0.004072 70
0.020038 24
0.004829 61
0.018729 24
0.001642 55
0.022190 24
0.000860 53
0.023362 24
0.000306 40
0.023532 24
0.000304 40
0.889670 24
0.004115 70
0.044317 24
0.000198 25
0.438464 24
0.000270 24
0.024240 24
0.000207 24
0.022866 24
0.000531 24
0.215555 49
0.516330 24
0.002358 61
0.411381 24
0.000298 45
0.439151 25
0.000321 45
0.023602 25
0.000280 45
0.023877 25
0.000478 45
0.023653 25
0.000215 45
0.024282 25
0.000247 45
0.022959 25
0.000326 45
0.023520 25
0.000207 46
0.023473 25
0.000179 26
0.024930 25
0.000160 25
0.022773 25
0.000192 25
0.023568 25
0.000299 25
0.024164 50
0.023673 25
0.000619 25
0.023994 25
0.000177 25
0.023862 50
0.024136 50
0.024272 25
0.000266 25
4.341352 23
0.000209 93
0.126551 29
0.101376 32
0.437962 32
0.023811 32
0.023655 32
0.024133 32
0.024733 32
0.022786 32
0.024015 32
0.024317 32
0.023356 33
0.024020 32
0.025914 32
0.022279 32
0.023736 32
0.023847 32
0.026275 48
0.023257 32
0.022944 39
0.023630 32
0.023714 33
0.023772 32
0.024183 32
0.024077 32
0.025394 55
0.024174 32
0.022372 46
0.023142 1
1.135301 76
1.310973 33
0.306468 33
0.166241 33
0.085775 33
0.079621 33
0.466621 33
0.141719 33
0.190284 34
0.197589 33
0.158676 33
0.110835 33
0.089358 33
0.109708 33
0.073923 33
0.621756 33
1.220541 33
1.028470 33
0.509316 60
0.800275 42
0.048643 76
0.997285 33
0.165534 33
0.129313 33
0.106303 33
0.112338 33
0.454631 33
0.125061 33
0.098253 34
0.083205 33
0.177738 33
0.165119 33
0.068941 33
0.108345 33
0.095759 33
0.049849 33
0.634906 33
2.300678 33
0.144054 34
0.574168 59
0.257018 42
1.721786 18
0.001601 24
0.100410 18
0.000330 39
0.245886 23
0.000212 33
0.178275 1
0.089142 1
0.193633 1
0.000804 14
0.000152 14
0.043899 18
0.008723 62
0.039136 168
1.359648 16
0.604344 2
0.106887 72
0.011180 52
0.000484 10
0.018541 31
0.000272 14
0.009953 1300
0.752718 25
0.000309 48
0.013358 25
0.000304 48
0.537111 25
0.000482 48
0.342834 25
0.002161 71
0.356209 25
0.000891 54
0.280554 25
0.000362 45
0.438728 25
0.002842 67
0.020635 25
0.000871 50
0.023233 25
0.000656 45
0.023362 25
0.000240 45
0.209563 25
0.000398 45
0.171809 25
0.000310 45
0.168395 70
0.148450 25
0.000311 45
0.170160 25
0.000336 46
0.894479 25
0.000373 46
0.005600 23
0.000183 6
2.190826 23
0.001406 202
0.105698 24
0.000210 42
0.783839 24
0.003355 70
0.911048 24
0.002807 61
0.488336 24
0.002704 70
0.037846 24
0.002190 61
0.181532 24
0.000285 40
0.356443 24
0.000329 42
1.183640 22
0.000179 6
0.160871 45
0.328801 24
0.000410 45
0.438153 25
0.000379 45
0.024643 25
0.000285 45
0.022357 25
0.000368 45
0.023717 25
0.000953 45
0.022814 25
0.000315 45
0.024181 25
0.000599 45
0.022840 25
0.000338 46
0.023661 25
0.000309 45
0.023257 25
0.000277 45
0.023828 25
0.000301 45
0.023929 25
0.000474 45
0.023166 25
0.000457 45
0.024118 25
0.003365 67
0.020068 25
0.001234 50
0.022653 25
0.000291 45
0.023465 25
0.001913 70
0.022092 25
0.001211 54
0.023090 25
0.000193 26
0.024885 25
0.000149 25
0.023182 25
0.001117 25
0.022152 25
0.000289 25
0.022947 25
0.000170 25
0.023808 50
0.023933 50
0.024110 50
0.749738 23
0.000222 93
0.218387 32
0.467721 76
1.318045 17
0.000503 23
0.100736 17
0.000741 34
0.337687 22
0.001150 151
0.736150 24
0.000316 44
0.868746 28
0.129026 22
0.000786 185
0.487268 24
0.000294 45
1.137618 25
0.000279 45
0.438491 25
0.000300 45
0.022915 25
0.000229 45
0.024368 25
0.000567 45
0.022743 25
0.000354 45
0.023483 25
0.000223 45
0.024130 25
0.002299 46
0.021669 25
0.000318 45
0.023627 25
0.000478 45
0.023378 25
0.000372 45
0.046806 25
0.000346 45
0.000530 70
0.024243 25
0.001569 67
0.021462 25
0.001359 50
0.023866 25
0.000394 45
0.022867 25
0.002311 70
0.329309 25
0.001349 51
1.774810 25
0.002374 70
0.979740 23
0.000194 93
0.717737 74
1.098736 58
0.373115 42
0.100934 18
0.000855 46
0.610007 23
0.000213 33
0.183328 1
0.084413 1
0.148809 1
0.000524 14
0.000104 14
0.019320 18
0.009283 62
0.018340 168
0.489658 16
0.188393 194
0.843013 2
0.652627 665
0.002668 8192
0.018724 8192
0.023290 8192
0.017215 3572
0.016862 168
4.026195 29
0.187286 184
0.875614 2
0.112821 72
0.011156 52
0.000598 10
0.018131 45
0.009748 1299
0.840436 25
0.000233 42
0.912607 25
0.000239 42
1.561737 23
0.000167 32
1.048286 1
0.191091 1
0.241944 1
0.130933 1
0.204177 1
0.132676 1
0.284716 1
0.010684 1976
0.002491 74
0.861562 25
0.000381 42
0.302626 25
0.000420 42
0.228839 25
0.000215 42
0.184604 25
0.003015 66
0.202195 25
0.001987 61
0.392945 24
0.002543 70
0.180254 24
0.002270 65
1.041437 23
0.000277 93
0.383018 32
0.989421 32
0.861307 34
0.114921 33
0.130212 32
1.782418 29
0.398425 32
0.438956 32
0.024267 32
0.023702 32
0.375631 32
0.227473 32
0.191554 32
0.612284 68
0.816077 32
0.430486 35
1.241705 33
0.056741 33
0.692730 33
0.072475 33
0.176471 33
0.537489 33
0.265635 33
0.079356 34
0.218206 33
0.311532 33
0.046609 46
1.105408 36
2.420440 33
0.102906 33
0.135250 32
0.679301 33
0.094682 33
0.179795 34
0.484050 33
0.821066 33
3.078752 60
0.245517 47
0.175243 58
0.161606 45
0.291947 35
0.366130 35
0.457732 177
2.638048 33
0.208082 33
0.210675 33
0.296068 66
0.126150 49
1.324836 65
0.200058 50
0.168285 43
0.172600 43
0.218294 43
0.676396 33
0.085830 33
0.120596 33
0.130709 33
0.597462 32
0.285489 33
0.129028 33
0.105997 33
0.331484 33
0.140272 33
0.897697 33
0.243201 33
0.210570 33
0.931923 42
0.100627 18
0.000214 39
0.342547 23
0.000190 33
0.157231 1
0.086769 1
0.139246 1
0.000363 14
0.000085 14
0.018346 18
0.008743 62
0.012207 168
0.540248 16
0.169175 194
0.451640 2
0.605388 665
0.002906 8192
0.020011 8192
0.015572 8192
0.031595 2931
0.031561 168
26.758943 29
0.951897 184
1.066525 2
0.108407 72
0.009568 52
0.001711 10
0.018723 13
0.000576 32
0.010948 1295
1.249604 25
0.000287 42
0.350177 25
0.000247 42
0.484793 25
0.001581 42
0.436698 25
0.003640 66
0.019808 25
0.002337 61
0.021928 24
0.004177 70
0.019443 24
0.002095 65
0.250174 25
0.000272 42
0.405562 25
0.000500 43
0.177858 25
0.000431 48
0.177520 25
0.000324 44
0.225640 24
0.000223 44
0.226976 24
0.000285 47
0.367519 25
0.003883 74
0.644889 25
0.003494 65
0.628082 25
0.000316 42
0.427848 25
0.000246 42
0.408437 25
0.000388 42
0.291158 25
0.000211 43
0.289306 25
0.000314 47
10.217982 25
0.002708 74
0.469630 25
0.003096 65
0.395876 25
0.000491 42
0.502247 25
0.001233 47
0.865179 25
0.001127 45
1.079021 25
0.000386 45
0.505951 25
0.000308 46
0.438504 25
0.000527 45
0.025343 25
0.002370 56
0.019339 25
0.001682 45
0.022390 25
0.006720 68
0.017163 25
0.000241 26
0.870493 25
0.004065 67
0.434352 25
0.004910 45
0.019057 25
0.001239 48
0.022477 25
0.000267 45
0.286766 25
0.000353 48
0.437983 25
0.000590 42
0.022893 25
0.003064 74
0.020143 25
0.003504 66
0.020881 25
0.000325 48
0.023279 25
0.000529 43
0.023627 25
0.000307 42
0.023244 25
0.000342 42
0.023674 25
0.000233 42
0.023668 25
0.004566 74
0.161827 25
0.002196 65
0.167302 25
0.000298 45
0.164869 24
0.000374 44
0.146716 24
0.000235 46
0.346856 25
0.002437 60
0.879516 23
0.000529 6
0.138861 23
0.001812 184
0.951984 23
0.100481 58
0.318606 49
0.000195 6
0.156404 1
0.055710 1
0.150031 1
0.000358 14
0.000108 14
0.015991 18
0.008942 62
0.012521 168
0.411921 16
0.182809 194
0.479835 2
0.988284 168
1.646048 1
0.019933 1
0.514146 1
0.146284 1
0.152005 1
0.183689 1
0.151877 1
0.094490 1
0.096671 1
0.109591 1
0.042621 1
0.648660 2
0.030830 58
0.002394 168
4.117332 11
0.168219 40
0.460980 2
0.925818 168
0.996622 1
0.235389 29
0.157079 189
0.000301 247
0.784391 40
0.982300 184
0.738130 2
0.106436 72
0.011002 52
0.000410 10
0.016176 27
0.000236 18
0.011091 1335
11.283238 24
0.000381 44
0.120115 24
0.000218 44
2.169394 24
0.000232 25
0.911351 24
0.004146 44
7.041287 24
0.000516 43
0.438154 25
0.000246 42
0.023635 25
0.000343 42
0.022557 25
0.000231 42
0.024071 25
0.000295 42
0.023540 25
0.000395 42
0.023967 25
0.000312 42
0.022892 25
0.000229 42
0.024112 25
0.000292 42
0.023381 25
0.000254 42
0.023679 25
0.002295 59
0.021674 25
0.001237 50
0.023026 25
0.000351 42
0.022983 25
0.000301 42
0.024139 25
0.000294 42
0.023392 25
0.000222 42
0.023902 25
0.001819 42
0.021752 25
0.000207 42
0.023696 25
0.000803 42
0.023192 25
0.000352 42
0.023712 25
0.000302 43
0.023716 25
0.000267 42
0.023775 25
0.001823 66
0.021950 25
0.002845 74
0.020806 25
0.000145 26
0.023844 25
0.000225 25
0.023519 25
0.000235 25
0.023852 25
0.000211 25
3.608454 23
0.000192 88
0.493279 29
12.643179 44
0.321742 60
0.285891 40
0.192117 30
0.195977 34
0.341432 61
0.301204 79
0.639700 52
0.469677 62
0.437390 46
0.023581 36
0.023698 32
0.026367 62
0.023494 53
0.022028 29
0.027157 62
0.023418 77
0.022246 37
0.159306 61
0.408987 52
0.197409 53
0.249774 70
0.194593 46
0.866158 62
0.664246 46
1.723838 32
0.438519 32
4.095714 32
0.227745 33
0.438864 114
0.201197 98
0.149420 92
0.154819 92
0.172493 92
0.734591 29
0.176790 32
0.268197 32
0.120633 32
0.149623 32
0.129752 32
0.415369 112
0.308056 96
0.167162 90
0.493441 90
0.209900 90
0.341276 32
0.438658 32
0.024967 32
0.022637 32
0.024202 32
0.023402 33
0.024309 32
0.023960 32
0.023637 32
0.025806 32
0.022615 32
0.023331 32
0.025142 32
0.022919 32
0.024957 32
0.022690 33
0.024615 32
0.023613 32
0.023486 32
0.023910 32
0.024105 32
0.023804 32
0.024284 32
0.024486 32
0.022812 32
0.023741 33
0.023937 32
0.024751 32
0.023490 32
0.023845 32
0.024526 32
0.023256 32
0.212513 32
0.443043 49
0.186159 49
0.153765 49
0.153395 49
0.172657 49
0.514573 29
0.178496 32
0.327488 32
0.217716 32
0.150439 32
0.136966 32
0.298985 32
0.184498 32
0.640748 49
0.158122 49
0.160973 49
0.170385 49
0.160539 49
1.596441 42
0.100583 18
0.000303 39
0.523663 23
0.000184 33
0.174583 1
0.073443 1
0.116871 1
0.000684 14
0.000101 14
0.037809 18
0.007182 62
0.016066 168
0.356161 16
0.185986 177
0.000360 17
0.482198 2
0.956332 168
0.725253 29
0.184868 184
0.731900 2
0.102924 72
0.008518 52
0.003550 10
0.017584 27
0.001312 18
0.009738 1320
0.907877 25
0.003332 67
2.006393 49
0.000247 6
0.249956 1
0.079605 1
0.134749 1
0.000431 14
0.000108 14
0.027687 18
0.007221 62
0.012778 168
0.502263 16
0.229484 194
0.145507 184
0.564591 194
0.259169 1
0.008906 2
0.000183 2
1.896289 2
0.938963 168
1.300021 2
0.000225 2
0.000295 168
0.781251 30
0.582200 184
0.597877 195
0.285910 2
0.000158 2
3.997119 2
0.945499 168
0.210947 30
1.120673 4
0.451122 2
0.947947 168
3.315358 1
0.107184 1
0.492415 1
0.166454 1
0.182716 1
0.214548 1
0.191433 1
0.112808 1
0.126115 1
0.131751 1
0.105830 1
0.475034 2
0.021937 58
0.001393 168
1.911386 11
2.312237 40
0.658671 1
0.425084 184
0.107534 195
0.059803 4
0.687953 1
1.244986 184
0.835838 194
0.309462 184
0.288817 2
0.099218 72
0.009542 52
0.000722 10
0.019033 27
0.002025 18
0.014004 1338
2.283331 25
0.001842 60
0.800091 25
0.002242 61
0.765482 25
0.001981 66
4.782823 25
0.000335 42
0.640159 25
0.002872 74
0.576105 25
0.002411 66
0.550771 25
0.000496 48
1.656446 25
0.000289 48
0.009116 25
0.000328 48
0.535202 25
0.000305 48
0.508077 25
0.000326 47
0.217583 25
0.001066 47
2.949173 25
0.002540 74
0.435801 25
0.004056 101
0.021951 25
0.002074 65
0.259292 25
0.000567 45
0.304958 24
0.000724 44
0.406812 24
0.000398 46
3.751762 25
0.000317 48
2.685529 25
0.000273 48
0.355272 25
0.000468 42
0.438056 25
0.000686 43
0.023386 25
0.000278 42
0.023613 25
0.003013 66
0.020816 25
0.002796 74
0.021326 25
0.000195 26
0.023218 25
0.000288 25
0.023746 25
0.000194 25
1.239611 23
0.000183 88
0.400316 29
0.540322 126
4.446420 33
0.805329 33
1.170961 33
0.137438 33
0.216272 33
0.408895 33
0.584823 33
0.037736 47
0.614638 88
0.861554 31
0.200611 30
0.194603 129
0.838989 41
0.373316 42
0.100472 18
0.000302 39
0.295904 23
0.000478 33
0.207667 1
0.064394 1
0.077954 1
0.000383 14
0.000084 14
0.022123 18
0.007192 62
0.016270 168
0.348915 16
0.215307 436
1.201761 40
0.558236 2
1.026574 168
0.630208 29
0.298839 184
0.288154 436
0.185851 40
0.184587 1
0.259904 4
0.182580 436
0.337161 2
0.039459 36
0.000296 69
0.002661 168
7.126824 11
0.710091 40
2.581506 436
0.009037 40
0.358288 184
0.617308 2
0.106181 72
0.010375 52
0.000611 10
0.018056 27
0.000261 18
0.011979 1298
19.452030 25
0.000300 43
0.405960 25
0.000811 42
0.234574 25
0.005187 72
0.430044 24
0.002385 61
0.023707 24
0.000821 46
0.021643 25
0.001657 129
0.021765 25
0.000627 100
0.023408 25
0.000368 42
0.024140 25
0.000385 42
0.022506 25
0.000329 42
0.024153 25
0.000307 43
0.023335 25
0.003969 72
0.020703 49
0.031161 48
0.016717 48
0.023261 24
0.000237 24
0.480646 24
0.000177 25
0.288959 24
0.002927 65
0.630740 25
0.003466 72
1.062920 22
0.000189 33
0.861946 1
0.171287 1
0.204131 1
0.138627 1
0.259324 1
0.164184 1
0.236130 1
0.010146 1969
0.002540 67
1.138599 24
0.002470 63
0.596212 25
0.000289 44
0.438530 25
0.000901 45
0.022762 25
0.000311 45
0.023697 25
0.000309 45
0.023705 25
0.000353 45
0.023192 25
0.000496 45
0.023905 25
0.000292 45
0.023209 25
0.000382 45
0.024160 25
0.000579 46
0.023866 25
0.000145 26
0.023181 25
0.000182 25
0.024145 50
0.022993 25
0.000180 25
0.023986 25
0.000325 25
0.023309 25
0.000218 25
0.024021 50
0.023568 50
0.135456 25
0.000220 43
0.289065 25
0.000343 42
0.180614 25
0.000216 45
0.276003 25
0.000409 42
0.189818 25
0.000195 45
0.438137 25
0.000377 45
0.023800 25
0.000295 45
0.024292 25
0.000508 45
0.023112 25
0.001605 67
0.021798 25
0.001048 50
0.022818 25
0.000413 45
0.024112 25
0.001992 70
0.022727 25
0.001529 54
0.020979 25
0.000183 26
0.023967 25
0.000810 25
0.023052 25
0.000151 25
0.023457 25
0.000178 25
0.023769 25
0.000170 25
0.024311 25
0.000263 25
0.023398 25
0.000241 25
0.023319 25
0.000197 25
0.023628 50
0.757881 23
0.000194 92
0.138444 32
0.477936 150
0.189087 150
10.303156 32
0.438214 34
0.024144 29
0.023539 29
0.024128 29
0.023473 29
0.025449 52
0.024927 32
0.024554 56
0.023631 50
0.021275 29
0.023781 30
0.023638 33
0.024690 30
0.023488 30
0.023924 33
0.024242 29
0.024498 29
0.022984 29
0.306659 29
0.438784 29
0.023571 30
0.023915 29
0.024401 29
0.023785 29
0.023359 29
0.024126 29
0.478125 29
0.438283 29
0.023908 29
0.025052 29
1.414078 32
0.594136 32
0.438428 32
0.023984 32
0.024869 32
0.023000 32
0.023878 32
0.024501 33
0.023518 32
0.023772 32
0.023657 32
0.024515 32
0.023712 32
0.026413 49
0.023258 32
0.022643 40
0.734771 32
0.500875 32
0.313517 32
0.659647 32
0.842375 32
0.337044 62
0.437590 53
0.022058 29
0.026803 62
0.024538 75
0.021687 35
0.376017 59
2.030750 50
0.539334 59
1.762863 50
0.306407 59
1.865262 48
0.370408 1168
0.515889 31
0.212485 29
0.186056 1245
0.147662 66
0.395415 1184
1.299832 32
0.066751 32
0.058121 32
0.498030 46
0.317472 31
0.114802 32
0.295249 33
0.257496 32
0.017475 32
0.739582 41
1.535342 32
0.215182 32
0.184869 32
0.203251 32
0.115294 32
0.141808 32
2.085452 32
0.415568 32
0.056470 49
0.089867 36
0.118499 32
0.120514 32
0.072945 50
0.210021 31
1.211662 32
2.299080 54
0.624024 63
0.023663 51
0.265670 31
0.251691 1163
0.155727 1149
0.400911 76
0.719867 70
0.452289 45
0.195582 31
1.871771 32
0.087304 32
0.179404 32
0.142583 32
0.119206 32
0.122290 33
0.244932 31
0.163844 32
0.093803 31
0.682915 32
0.346137 32
0.016526 32
0.461160 41
0.161974 41
0.540671 32
0.380260 31
0.221429 31
0.293607 61
0.344200 1132
2.730667 55
0.479930 70
0.223739 66
0.199914 1226
0.733473 47
0.175475 31
0.155110 31
0.155539 31
0.151665 31
0.145619 32
0.173224 31
0.170040 31
0.149922 31
0.151399 31
0.157067 31
0.397028 60
0.286820 60
0.220422 57
0.327998 1245
0.634268 39
0.437674 32
0.023863 31
0.023610 31
0.023926 31
0.024418 31
0.023489 31
0.024017 31
0.023750 31
0.024217 31
0.026313 54
0.023071 32
0.022145 1
0.825866 1132
1.984856 32
0.025636 32
0.092161 32
0.329210 32
0.320424 41
0.170173 41
1.150071 32
0.018462 46
0.315472 31
0.541879 32
0.259644 33
0.254198 32
0.546647 32
0.074521 32
0.129266 32
0.194723 32
0.067571 32
2.024870 32
0.412299 32
0.042949 48
0.082721 37
0.107288 32
0.097512 32
0.115491 50
0.355317 31
0.394234 32
0.639705 54
1.491586 63
0.443033 43
0.090989 32
0.111687 33
0.225698 32
0.067268 32
1.485376 31
0.957576 32
0.380685 31
1.613768 32
2.086084 54
1.195010 49
0.591415 32
0.493727 55
2.265260 48
0.438455 35
0.024227 29
0.027050 62
0.022166 46
0.022628 29
0.027126 63
0.025743 80
0.020530 46
0.022561 35
0.024624 62
0.023219 46
0.024943 62
0.027042 88
0.021357 52
0.022025 33
0.156807 31
0.439782 58
0.023325 45
0.022312 35
0.023910 35
0.026829 60
0.023082 47
0.022339 32
0.023572 35
0.024655 104
0.024089 125
0.023265 105
0.023985 35
0.023713 34
0.024313 28
0.023551 35
0.028333 60
0.019159 1
0.492412 52
0.329956 34
0.352628 28
0.514884 28
1.175544 31
18.537963 33
0.034201 49
1.335258 33
2.746399 33
0.118352 33
0.203654 43
0.220029 43
3.286259 33
0.403890 33
0.278651 33
1.149230 33
0.071364 34
0.083147 33
0.244861 33
0.477796 33
0.252504 33
0.081564 33
0.285892 33
8.542344 43
0.438180 43
0.024149 43
0.024273 43
0.024824 43
0.022845 43
0.024137 44
0.023872 43
0.023747 43
0.023526 43
0.025600 43
0.022310 43
0.024291 46
0.024572 43
0.023253 30
0.023420 181
1.648308 28
0.162454 28
0.209386 28
0.438150 28
0.023909 28
0.023946 29
0.023869 28
0.024344 28
0.023988 28
0.027308 54
0.550890 28
0.800837 361
0.159566 319
1.592875 29
0.072644 29
0.040625 29
0.064316 43
0.721897 29
0.788844 30
0.024792 30
0.071210 30
0.150478 31
0.053804 30
0.150404 30
0.137405 30
0.472497 30
0.253962 30
0.034188 30
0.055039 30
0.211760 30
0.481025 30
0.972412 31
0.181812 30
0.032706 30
0.467552 40
0.501180 30
0.446854 30
0.215738 30
0.110825 30
0.073281 30
0.122883 30
0.057903 30
0.533825 29
0.235893 31
0.411214 30
0.436314 30
0.062753 29
0.919828 30
0.131409 30
0.173161 30
0.199434 30
0.176781 30
0.099935 30
0.095682 31
0.122956 30
0.017624 30
0.963902 40
0.111847 40
0.122061 30
0.046997 30
0.394841 29
0.469220 30
0.389393 30
0.355331 54
0.478954 45
0.033988 43
0.309805 29
0.201147 312
0.142663 298
0.248069 45
0.316571 31
3.328182 33
0.029196 49
0.911472 33
0.353849 33
0.045604 33
0.092901 33
0.113084 33
0.319161 34
0.227384 33
0.064091 33
0.223141 33
2.430313 43
0.437568 43
0.024211 43
0.024190 44
0.023543 43
0.024721 43
0.162093 43
0.175358 43
0.649525 33
0.361693 33
0.301972 33
0.407776 33
0.265355 43
0.093150 33
0.078353 34
0.184353 33
0.115402 33
0.556422 33
0.248572 33
0.100179 33
0.207124 33
0.333715 33
0.933658 33
0.412232 33
0.520104 60
2.727038 40
1.128463 33
0.725657 33
0.222715 32
0.560276 33
0.039332 33
0.180133 33
0.054094 47
0.499259 57
0.912718 67
0.043064 52
0.312879 32
0.276654 295
0.160681 257
0.311437 48
0.426014 32
0.545897 32
0.660614 32
0.790240 32
0.285615 32
0.633566 33
0.093091 33
0.117128 33
0.087722 33
0.237510 32
0.249683 33
0.107914 34
0.172261 32
1.381765 41
0.530774 41
0.722273 41
0.091694 41
0.535012 41
1.328583 41
0.071626 41
0.283106 41
0.387585 42
0.222088 41
0.118562 41
0.092487 41
0.161412 41
0.123730 41
0.277758 41
0.730795 41
0.208828 41
0.017115 41
0.676811 42
0.129582 41
0.174734 41
0.137644 41
0.083527 41
0.112814 41
0.078182 41
0.615388 41
0.088176 41
0.101112 41
0.119704 42
0.105424 41
0.440770 41
0.218871 41
0.048185 41
0.257755 41
3.128367 41
0.132985 32
0.269058 33
0.127195 33
0.084644 33
0.322507 33
0.097047 33
0.153070 33
0.219439 33
0.009766 33
0.481434 43
0.945244 33
1.042441 63
0.945618 50
0.654606 33
0.084924 33
0.133491 33
0.009695 33
0.107562 32
0.427151 32
0.412604 43
0.233187 43
0.177855 33
0.189178 53
0.497661 32
0.423446 53
0.042612 52
0.561135 32
0.340903 233
0.192832 279
0.336985 50
0.206827 32
5.269063 33
0.073258 33
0.114192 33
0.120939 33
0.411766 32
0.477858 33
0.185122 34
0.174926 32
0.798720 41
0.520952 41
0.301211 41
0.084528 41
0.101015 41
0.816935 41
0.059597 41
0.200362 41
0.207461 42
0.182090 41
0.108038 41
0.092414 41
0.132465 41
0.053378 41
0.247298 41
0.112313 41
0.675290 41
0.204105 41
0.329931 42
0.183020 41
0.148660 41
0.081454 41
0.163128 41
0.189690 41
0.082079 41
0.164472 41
0.178423 41
0.176427 41
0.368504 43
0.146480 43
0.126682 43
0.600633 41
0.341166 43
0.632171 41
0.056854 41
0.142607 41
0.119618 42
0.104171 41
0.177926 41
0.078082 41
0.261142 43
0.142077 43
0.051506 41
0.240124 41
0.242377 41
0.111969 41
0.104759 41
0.110224 41
0.117172 41
0.215950 41
0.183036 42
0.114437 41
0.236382 41
1.564381 41
0.136585 32
0.289461 33
0.148307 33
0.290744 32
0.424418 33
0.091566 33
0.089985 34
0.191706 33
0.445146 33
2.198843 62
0.183558 164
0.436328 135
0.022855 122
0.023576 104
0.022746 125
0.028953 105
0.019175 35
0.023906 36
0.023907 34
0.311236 35
0.553399 34
0.695513 1
1.517552 35
0.868451 34
0.972808 31
2.214878 150
3.409104 33
0.105698 33
0.094822 33
0.184333 33
0.051779 33
0.193353 33
0.104721 33
0.485371 34
0.209837 33
0.069269 33
0.233921 33
0.265506 33
0.560638 33
1.029997 33
0.401502 33
0.502720 33
0.057731 32
0.310836 34
0.376575 33
0.522842 67
1.150177 49
0.496271 150
0.149106 150
2.909374 33
0.627197 33
0.290115 33
0.522423 33
0.204189 33
0.290058 33
0.483078 33
0.144871 34
0.137469 33
0.133039 33
0.179459 33
0.152085 33
1.123270 33
5.678331 41
0.393320 41
1.547603 52
0.669142 44
0.317818 150
1.436828 33
0.411388 33
0.317168 33
0.735289 43
0.165043 43
1.149454 33
0.070976 33
0.796184 33
0.256437 33
0.143357 33
0.444967 33
0.099168 34
0.107956 33
0.181714 33
0.065203 33
2.608495 33
2.485737 41
0.131560 41
0.501368 41
0.473967 53
0.748778 45
1.028297 150
5.106501 33
0.748317 43
2.236522 29
0.238846 29
0.141278 32
1.058805 31
0.776142 33
0.107943 33
0.091141 33
0.149772 33
0.346073 32
0.284991 33
0.147199 33
0.081834 33
0.323645 33
0.315549 43
0.144581 33
0.143622 43
0.522021 33
0.136113 33
0.262753 33
0.091889 33
0.123510 33
0.301288 33
0.332932 33
0.538634 52
0.221989 36
0.217419 35
0.382489 35
0.299176 32
0.188145 50
0.176915 32
0.132845 43
0.382942 150
1.156816 29
0.303111 29
0.765010 29
0.217294 32
0.152213 33
0.169220 29
0.196409 29
0.286434 32
0.437778 32
0.024346 32
0.024065 32
0.023883 32
0.023608 32
0.024201 32
0.023736 33
0.024034 32
0.024353 32
0.023101 32
0.024383 32
1.074021 32
0.653310 167
0.392066 101
0.426637 29
0.368841 32
0.438165 32
0.024625 32
0.023634 32
0.023995 32
0.023902 32
0.023986 32
0.023472 33
0.023699 32
0.024186 32
0.025044 48
0.024421 32
0.023296 39
0.023268 32
0.024916 50
0.024304 32
0.022467 43
0.023354 1
0.392649 150
0.252313 150
1.983383 33
0.521869 33
0.156564 33
0.100334 33
0.169780 33
0.526044 33
0.130032 33
0.181346 34
0.208390 33
0.157823 33
0.099628 33
0.098459 33
0.117971 33
0.101263 33
0.403199 33
0.399115 33
0.367235 33
0.443438 60
0.931849 42
3.135402 150
0.645550 33
0.067854 33
0.107317 33
0.110998 33
0.437897 33
0.116642 33
0.226716 33
0.139048 34
0.150290 33
0.108984 33
0.860396 43
1.767988 33
0.196276 33
0.300555 150
1.134333 33
0.226845 33
0.136575 33
0.089012 33
0.100324 33
1.254523 33
0.148111 33
0.254195 34
0.155601 33
0.163559 33
0.083455 33
0.087221 33
0.138549 33
0.045970 33
1.283975 33
1.305797 33
0.057145 33
0.432851 60
0.274369 42
1.594457 150
0.171654 150
3.396280 33
0.064739 33
0.060906 33
0.155421 33
0.079488 33
0.195670 33
0.089302 33
0.509021 34
0.252494 33
0.070654 33
0.237385 33
1.214879 33
0.666430 33
0.342960 33
0.311241 33
0.121510 32
0.748072 33
0.336961 34
0.481851 67
0.286096 49
0.763026 18
0.000474 24
0.100976 18
0.000315 39
0.346205 23
0.025079 70
0.159279 22
0.005982 23
0.079374 28
1.852653 24
0.000219 26
0.727499 24
0.005445 65
0.451056 25
0.000305 46
0.814648 25
0.000209 45
0.191140 25
0.000282 45
1.075014 50
0.000258 6
0.285831 1
0.063568 1
0.305524 1
0.000369 14
0.000095 14
0.034108 19
0.010220 62
0.014368 168
0.536038 16
0.189518 436
0.233205 40
0.334202 184
0.365761 194
0.448110 2
0.586815 369
0.001491 293
0.091514 168
7.749343 29
1.587986 184
0.757844 194
3.428490 184
0.882203 2
0.106163 72
0.007459 52
0.002260 11
0.017124 31
0.000308 14
0.015490 981
1.038072 25
0.000308 45
0.437993 24
0.000292 44
0.023787 24
0.000719 47
0.023018 25
0.000257 45
0.023923 24
0.000484 47
0.023185 25
0.000343 43
0.025898 25
0.000344 42
0.021385 25
0.000358 45
0.024475 24
0.000389 47
0.022613 25
0.000312 42
0.023572 25
0.000466 45
0.023618 24
0.000263 47
0.023610 25
0.000511 42
0.022827 25
0.000227 45
0.023805 24
0.000403 47
0.023728 25
0.000302 43
0.023337 25
0.000721 42
0.025316 25
0.000237 42
0.021942 25
0.000859 42
0.023209 25
0.007727 65
0.015809 25
0.006183 61
0.017686 24
0.005382 70
0.018392 24
0.003099 82
0.020818 24
0.001588 64
0.266016 25
0.000459 47
0.189430 25
0.000320 48
0.158231 25
0.000294 47
0.212447 25
0.000241 47
0.515664 25
0.000331 42
0.845141 23
0.000251 6
0.068416 25
0.001467 76
0.528732 25
0.000387 47
0.438222 25
0.000284 47
0.023004 25
0.000305 48
0.023538 25
0.000316 47
0.027425 25
0.003548 71
0.016952 24
0.003930 91
0.019700 24
0.004213 61
0.020531 24
0.006861 64
0.016826 25
0.006527 64
0.016972 25
0.000380 42
0.023295 25
0.000261 42
0.023523 25
0.000227 42
0.024172 25
0.000216 43
0.023893 25
0.000291 45
0.023337 24
0.000339 47
0.023481 25
0.000225 42
0.315239 25
0.000394 45
0.437334 24
0.000296 47
0.546275 25
0.000235 45
0.220066 24
0.000366 47
0.172093 25
0.000318 42
0.237077 25
0.000286 45
0.438513 25
0.000476 46
0.025790 25
0.000228 45
0.021089 25
0.000374 45
0.023493 25
0.000432 45
0.218920 25
0.002346 71
0.373368 25
0.001182 54
0.421556 23
0.000194 6
0.127603 25
0.003399 72
1.433150 24
0.100806 36
0.000273 25
0.308980 49
0.000209 6
0.179707 1
0.033478 1
0.104118 1
0.000432 14
0.000111 14
0.016845 19
0.009143 62
0.014216 168
0.425442 16
0.162447 194
0.518391 2
1.000853 168
0.811792 29
0.670492 391
0.271560 29
0.175226 184
0.146170 194
0.144485 184
0.164869 436
0.178225 40
0.347721 187
0.000605 249
0.345287 2
0.017218 52
0.000482 240
0.001526 168
13.077305 1
0.026366 1
0.066958 1
0.139529 1
3.281586 1
0.036195 1
0.092170 1
0.060951 1
0.357432 1
0.067307 1
0.298262 1
0.055901 1
0.222364 1
0.069050 1
0.107678 3
0.253571 1
0.337934 1
0.521709 1
0.069251 1
0.954654 2
0.115539 72
0.008244 66
0.215217 27
0.002063 2017
0.002687 1491
3.685967 21
0.019204 59
0.000271 38
0.120721 21
0.000241 49
1.327013 21
0.000189 83
6.049599 38
0.840337 36
0.093666 36
0.108694 36
0.118106 36
0.806987 36
0.181095 36
0.138995 36
0.124978 36
0.114518 36
0.441827 38
0.752366 36
0.081648 36
0.074048 36
0.215459 36
0.072816 36
0.204694 38
0.099495 37
0.191863 37
0.078338 37
0.113051 37
0.200281 37
0.312787 39
0.392471 36
2.305698 36
0.138493 36
2.588533 36
0.386770 38
1.206672 36
0.531046 38
2.981213 36
0.163621 36
0.175070 36
4.237431 36
0.174722 36
0.166722 36
0.963073 28
0.178915 28
0.189585 28
40.523266 36
0.249238 36
0.212476 36
0.878516 36
0.151524 36
0.172926 36
2.812838 38
0.746618 121
6.259544 38
1.801798 28
0.183630 28
0.167329 39
0.782408 27
0.484026 71
1.789274 28
0.408604 36
29.960962 27
0.233565 27
0.341897 27
0.217532 27
0.150105 27
0.144490 27
0.653536 46
0.586042 27
0.431580 47
0.200428 36
0.168160 36
0.173664 36
0.358038 170
0.508057 27
0.204109 27
2.578038 28
0.318056 28
0.183697 28
0.736364 36
0.252390 28
0.229795 28
0.080422 28
0.166000 28
0.570674 28
0.020589 41
9.294694 35
0.026801 42
0.949452 1
0.377343 75
0.355107 71
1.472995 28
0.198302 28
0.072402 28
0.209407 28
0.085945 28
0.047247 28
2.044869 28
0.485618 28
0.057477 30
0.431553 29
1.275695 28
0.897396 29
0.208661 60
1.447047 42
0.450929 71
0.703857 71
0.475108 50
0.466136 42
0.109041 51
0.393528 42
0.300088 29
8.330048 32
0.053953 32
0.074603 32
0.138344 32
1.176465 32
0.322471 32
0.616292 32
0.218444 32
0.125523 32
0.106195 31
0.678452 32
1.982642 55
0.847202 80
0.741290 75
0.637570 29
0.142444 29
0.078833 29
0.128167 29
0.107931 29
0.055794 29
1.811863 29
0.919632 29
0.081137 31
0.067652 30
0.127120 29
1.128022 30
0.250369 30
0.091214 29
0.799168 30
0.064751 30
0.112915 30
0.258048 29
0.401916 31
0.440339 53
1.432063 44
0.029838 43
0.336974 29
0.236653 102
0.147073 104
0.336709 45
0.289890 30
0.827091 33
0.052411 33
0.094362 33
0.129646 33
0.753127 33
0.486589 33
0.792883 33
1.159273 33
0.083939 33
0.071971 32
0.707220 33
0.510489 33
0.483331 75
0.400242 30
0.998300 33
0.041551 33
0.092927 33
0.068358 33
1.185520 33
0.474206 33
0.906032 33
0.217816 33
0.123741 33
0.105767 32
0.603212 33
1.030454 33
0.932251 29
0.067743 29
0.497664 59
0.708951 86
0.163908 75
9.675217 29
0.135120 29
0.117844 29
0.191010 29
0.099834 29
0.073634 29
0.215199 28
0.658639 28
0.375468 29
4.176881 29
0.055028 31
0.046366 30
0.106924 29
1.602412 30
0.110207 30
0.057574 29
1.103506 30
0.079485 30
0.104876 30
0.135236 30
0.101743 31
0.096954 30
0.303736 29
0.842811 30
1.340137 31
0.193843 55
0.323443 51
0.592323 32
0.189512 32
0.411246 32
0.511812 32
1.057997 35
1.068090 35
0.101779 35
0.126762 35
0.102091 35
0.119160 35
0.072256 35
0.290555 70
0.616407 80
0.290027 46
0.257035 32
1.287307 53
0.410510 44
0.029554 43
0.231980 29
0.226486 102
0.146008 104
0.348919 45
0.268752 30
0.746098 33
0.026003 33
0.079790 33
0.098597 33
0.578857 33
0.343050 33
0.600314 33
0.196741 33
0.098438 33
0.107395 32
0.475683 33
0.269612 33
0.206067 75
0.517106 29
0.056262 29
0.076026 29
0.087882 29
0.566717 29
0.377022 38
0.523917 29
0.425891 29
0.288995 38
0.284818 29
0.668949 38
0.204046 38
0.134815 38
0.135392 38
0.155725 38
0.156838 38
0.310992 198
0.795693 75
0.501102 30
0.799535 33
0.056781 33
0.082595 33
0.081315 33
0.644037 33
0.385046 33
0.889692 33
2.269457 43
0.595121 33
0.317203 33
0.126128 33
0.055879 32
0.480781 33
0.669217 33
0.832750 42
0.100680 18
0.000781 39
0.278031 23
0.000285 33
0.172815 1
0.086351 1
0.172764 1
0.000560 14
0.000125 17
0.015367 24
0.008175 62
0.015981 168
36.474953 1
0.058384 1
0.059730 1
0.181333 1
0.711079 1
0.238319 1
0.071536 1
0.179848 1
0.110722 1
0.353954 1
0.505351 1
0.681009 1
0.057387 1
0.851430 2
0.120684 72
0.008782 60
0.043054 27
0.000293 18
0.003319 3490
3.516314 21
0.000173 83
1.519606 38
0.125660 36
0.643840 36
0.122018 36
0.