0.150986 156
3.797685 1
0.060218 1
0.149230 1
0.190519 1
0.528921 4
0.298257 1
0.190730 1
0.223234 1
0.871679 1
1.015009 1
0.379149 2
0.001086 168
3.559032 172
0.056722 172
0.047292 172
0.050388 172
0.050060 172
0.074781 172
0.046485 172
0.047612 172
0.051954 172
0.056643 172
0.054087 172
0.057864 172
0.052259 172
0.054657 172
0.037244 172
0.040418 172
0.027490 172
0.154422 172
0.057315 172
0.058709 172
0.157901 172
0.055431 172
0.004090 172
0.107598 172
0.048149 172
0.048896 172
0.056873 172
0.044436 172
0.137804 172
0.069367 172
0.004767 172
0.018145 172
0.043179 172
0.056919 172
0.294580 172
0.052951 172
0.089774 172
0.119380 172
0.036743 172
0.046615 172
0.051850 172
0.047217 172
0.054561 172
0.047034 172
0.051238 172
0.048394 172
0.053355 172
0.056084 172
0.050877 172
0.048584 172
0.046405 172
0.141227 172
0.056737 172
0.047849 172
0.167342 172
0.050328 172
0.050403 172
0.484787 172
0.003872 172
2.128913 1
0.061871 1
0.072234 1
0.874941 1
0.755910 1
0.475085 1
0.203802 1
0.199021 1
0.240865 1
0.130968 1
0.087371 1
0.170076 1
0.209340 1
0.309840 1
0.918559 1
0.274106 1
4.272751 2
0.114710 72
0.008804 63
0.044105 27
0.000354 18
0.001295 1703
46.124897 2030
0.003309 1491
2.392924 21
0.037722 83
36.397798 38
0.235163 36
0.351713 36
2.220690 36
5.209081 36
0.127286 36
0.135735 36
0.220812 36
0.084839 36
0.130675 36
0.790175 38
0.202466 39
0.179851 37
0.079827 37
0.116008 37
0.118642 37
0.384574 37
0.113664 39
0.065043 37
1.357116 39
0.902663 38
0.055551 37
0.475407 37
1.040752 37
0.569019 39
1.100703 37
0.323268 37
0.012624 37
0.419770 38
0.312257 37
0.801378 37
0.049094 39
0.088647 38
1.282666 39
0.279201 37
0.430811 37
0.455620 37
0.110237 39
0.067443 37
1.193809 38
0.743205 37
0.535204 39
0.225973 37
0.270497 37
0.425308 38
0.230296 37
0.159865 37
0.135959 37
0.198847 37
0.136543 37
0.697090 39
2.642184 36
0.144993 36
0.162896 36
3.972018 36
0.296111 36
0.203042 36
0.161835 36
0.193260 36
0.128922 38
0.069830 37
0.171230 37
0.160362 37
0.550183 39
0.377894 49
0.561413 39
0.541129 37
0.123061 37
0.862630 39
2.180544 29
3.345654 29
1.495270 28
2.289057 27
2.717517 45
0.836701 38
4.578746 45
0.114191 39
1.053576 39
0.065641 35
0.054074 35
1.203328 37
0.096615 39
0.275830 28
1.150099 28
2.480167 28
0.194011 27
1.369320 37
0.443664 29
0.192535 28
0.143598 1
0.438145 28
2.737712 28
0.203076 28
0.159212 28
0.805182 38
0.464305 27
0.221062 29
1.265882 28
0.254434 29
0.098730 28
1.279991 28
0.587007 29
0.391329 30
0.184195 28
0.169334 28
0.160023 30
1.849235 28
0.797629 29
0.253760 28
4.072896 29
0.102493 29
0.410295 29
0.238595 29
0.355277 29
0.332831 29
0.200981 30
0.190379 30
0.197472 29
0.152030 29
0.140645 29
0.110673 29
0.862275 29
0.246820 29
0.073439 29
0.216659 29
0.135467 29
0.176225 28
1.853577 29
0.265007 29
0.250518 28
0.238578 30
0.432314 29
0.407514 28
20.995175 29
0.562056 29
0.917340 29
0.071552 29
0.875034 42
16.925981 1984
0.017333 429
5.670358 28
0.042360 27
3.991431 45
0.102048 39
1.002566 40
0.227351 36
0.142692 36
0.107720 36
0.925066 40
0.149471 38
1.073561 29
0.291886 28
0.853251 29
0.081988 29
0.044995 29
0.088347 29
0.211956 29
0.137674 29
0.146554 30
0.115155 28
4.446673 29
0.208858 29
0.077003 29
0.214777 29
0.082058 29
0.099827 28
0.191615 29
0.296879 29
0.353025 29
0.484719 29
0.169667 29
2.194589 28
5.879477 28
0.888716 28
0.416666 28
1.516837 28
0.669316 28
2.901199 28
0.780623 29
0.207031 28
0.404591 47
0.346789 47
0.908316 37
0.109627 37
0.050682 37
0.080845 38
0.152886 37
2.565619 37
2.088239 37
0.008714 37
0.961654 47
0.365382 47
0.574006 37
0.494156 37
0.230785 37
0.126214 37
2.291257 31
1.213294 28
0.437119 28
0.024212 38
0.023473 38
0.025494 29
0.023275 38
0.022779 38
0.023875 28
0.024500 38
1.236641 29
0.111686 28
0.471752 29
0.086846 29
0.071541 30
0.086520 29
0.195587 28
0.651616 29
0.100828 29
0.923791 29
0.546854 29
0.085869 29
0.480433 28
0.476217 29
0.070655 30
0.200019 28
1.057063 29
0.795950 29
1.705952 29
0.074698 29
113.155986 1
0.430682 31
247.215267 31
0.442485 31
0.331422 31
0.805788 71
1.352418 28
0.055265 27
1.942415 45
0.155510 39
1.535358 154
0.110168 35
0.087753 35
0.148524 35
0.124807 37
1.663871 55
0.125446 155
1.200755 29
0.141008 28
0.866492 29
0.117346 29
0.286646 29
0.154274 29
0.152273 29
0.123163 30
0.145449 29
0.606952 38
0.168944 39
0.135560 38
0.135280 38
0.127800 38
0.140765 38
0.503505 38
0.727845 29
0.076422 29
0.106577 29
0.200952 29
0.239974 29
0.121567 30
0.151263 29
1.420257 28
2.090087 29
0.228262 29
0.092464 29
0.210804 29
0.079018 29
0.122543 28
1.949454 29
0.094507 30
0.177474 29
0.073167 29
1.465635 38
0.932993 38
0.257129 39
0.217556 38
6.269017 29
0.097698 30
0.122496 29
0.114254 29
4.395721 28
0.086825 29
0.076594 28
0.473461 29
0.239908 29
0.098615 29
0.136705 29
0.112539 30
0.118367 28
0.233130 29
0.114977 29
0.095414 28
3.602616 29
1.098087 29
0.898110 29
0.043302 29
3.936533 29
1.128736 38
2.247524 31
4.250031 28
0.221080 28
0.153349 28
0.173101 28
3.100806 28
0.650737 48
0.206566 47
0.174279 47
0.187886 47
0.449389 47
0.718350 37
0.304741 37
0.127518 37
0.324608 37
0.117112 38
1.699458 28
1.381534 29
28.612597 29
0.240156 28
0.188723 28
0.166340 28
0.152870 28
0.142889 1
0.579311 38
0.439568 38
0.023529 38
0.023742 38
0.024357 29
0.023411 38
0.024258 38
0.024037 28
0.024124 38
0.023162 38
0.024180 38
0.024094 38
0.023766 38
0.023344 28
0.024363 39
0.023796 38
0.024035 38
0.024234 38
0.023901 28
0.023240 38
0.023631 38
0.024130 38
1.630654 38
0.193783 38
0.473004 29
0.063871 29
0.240850 29
0.169375 29
0.227601 28
0.175142 29
0.054757 28
2.161959 1984
0.001508 971
0.024892 2006
0.001123 983
0.009653 1971
0.001565 1086
0.015641 1992
0.003668 1099
0.006913 2013
0.001401 1112
0.015927 2034
0.001635 1125
0.004021 1972
0.001483 1221
0.030467 1992
0.003010 1235
0.030676 2012
0.003812 1249
1.670206 29
0.138073 29
0.137764 30
0.136323 29
0.139493 29
0.448533 29
1.535170 38
0.727296 29
0.201276 29
0.175190 28
0.184077 29
0.075699 29
0.132944 29
0.222622 29
0.095632 30
0.394850 28
1.466122 29
0.098105 29
0.678267 28
0.927920 29
0.959261 29
0.341023 29
0.137084 29
1.286290 29
0.220163 29
1.110653 29
0.250369 29
0.075563 29
0.166053 28
2.765457 29
0.134438 29
0.194063 28
0.123063 29
0.118873 29
0.103437 29
1.648940 29
0.084914 29
0.131905 29
0.115800 29
0.330139 28
0.621974 29
0.108638 29
0.085578 28
1.043384 29
0.835946 30
0.594946 29
0.049707 29
0.534232 31
1.501025 38
0.436844 38
0.023856 38
0.024169 38
0.023324 28
0.024204 39
0.024154 38
0.023674 28
0.023587 38
0.024572 38
0.024556 38
0.022753 38
0.024029 38
0.023584 28
0.023992 38
0.023944 39
0.027153 38
0.020770 38
0.023875 28
0.278360 38
0.192956 38
0.163329 38
0.178182 38
0.194163 38
1.317768 29
0.047686 29
0.299667 29
0.094598 29
0.164188 28
0.238936 29
0.092040 28
0.203829 29
0.182163 30
0.548342 29
0.257353 29
0.231614 29
0.644732 29
0.246322 29
0.381890 28
0.411215 29
0.240333 29
0.621356 38
0.283337 29
2.927797 29
0.221500 30
0.087845 29
0.638957 28
0.244788 29
0.163090 29
0.547488 38
0.047873 29
0.227594 28
1.437025 29
2.052886 29
2.013758 29
0.098279 29
0.801372 30
0.079118 28
0.555169 29
0.236216 29
0.124712 29
0.111925 28
0.341532 29
0.183357 29
0.099477 29
0.151022 29
0.251013 29
0.872203 29
0.024343 29
0.160719 28
0.275705 29
1.946327 38
1.084865 29
0.586727 29
1.224776 29
0.033908 29
1.731042 28
1.284519 44
0.084319 44
0.090367 42
0.155558 44
0.247932 44
0.438560 44
0.023966 44
0.023350 43
0.024054 44
0.023839 44
0.024009 42
0.024171 44
0.433899 44
0.601539 34
0.134287 34
0.137428 34
0.084873 34
0.187911 34
0.233860 35
0.098486 34
0.110387 34
1.028189 42
0.791395 28
0.135203 28
0.184840 28
0.171601 28
0.172014 28
0.155123 28
0.172614 28
3.022159 39
2.798519 28
0.044758 27
2.075460 45
0.107244 39
1.565767 39
0.216357 35
0.117061 35
0.138357 35
0.113741 37
0.166605 36
0.178581 36
0.099308 36
0.139804 36
1.744118 38
0.135716 38
2.002865 29
2.527136 28
0.260950 29
0.089187 30
0.125197 29
0.270314 29
0.027868 29
0.427689 38
0.447711 29
0.418479 29
0.148853 29
0.267355 28
0.199252 29
0.066058 29
0.167371 29
0.076242 30
0.281300 28
0.580670 29
0.094102 28
0.221504 29
0.175140 29
0.140221 29
0.155468 29
0.172500 29
0.278640 29
0.347373 30
0.253220 28
0.902406 29
0.285433 29
0.104251 29
0.267516 29
0.156071 29
0.229830 28
0.236497 29
0.085750 29
0.089358 29
0.979820 29
1.287878 29
0.966705 29
0.054312 29
1.745049 39
0.501583 36
2.040205 113
1.005663 28
0.049355 27
8.312134 45
0.105222 39
0.402313 39
0.069296 35
0.179890 35
0.059344 35
0.336020 37
2.574971 38
0.113441 38
1.110462 29
0.121691 28
0.581287 29
0.153769 29
0.163545 29
0.126349 29
0.133377 29
0.165071 30
0.121748 29
0.205999 28
1.300166 28
0.436836 38
0.023917 39
0.023987 38
0.023610 38
0.025322 38
0.022946 38
0.023472 38
0.023831 28
0.700702 28
0.254082 29
0.102695 29
0.148275 29
0.115343 29
0.113967 29
0.171115 30
0.089605 29
0.154550 28
0.290446 29
0.190688 29
0.052505 29
0.216773 29
0.123272 29
0.089490 28
0.147868 29
0.146602 30
0.118078 29
0.336136 29
0.252842 28
0.867556 29
0.107515 28
1.426802 29
0.096147 29
0.438568 38
0.122065 38
0.100373 29
0.706632 29
0.103394 29
1.220987 29
0.024215 30
0.068133 29
0.283817 29
0.177530 28
0.218998 29
0.058731 29
0.103331 28
0.594386 29
0.069904 29
0.107656 29
0.306345 30
0.115488 29
0.105374 29
0.095747 29
0.188197 29
0.117445 29
0.435941 39
1.366749 28
0.052360 27
0.335505 27
0.144414 36
0.221942 28
0.272757 27
1.365648 45
0.135767 39
1.273159 39
0.134847 35
0.211640 35
0.145302 35
0.250763 37
0.086928 36
1.537056 38
0.118017 38
0.942616 29
0.145902 28
0.274514 29
0.106237 29
0.156353 29
0.068775 29
0.151207 30
0.127545 29
0.129500 29
0.201345 28
0.270211 29
0.170085 29
0.081782 29
0.216147 29
0.090787 29
0.112181 28
0.126965 30
0.088253 29
0.146154 29
0.092184 29
0.193673 28
0.471769 28
0.143489 38
0.117659 38
0.123356 38
0.743051 29
0.043946 29
0.141656 29
0.198691 28
1.335002 29
0.111314 29
0.215446 28
0.509353 29
0.099782 29
0.121777 30
0.135180 29
0.148712 29
0.066510 29
0.147667 29
0.411480 38
0.196128 38
0.192930 38
0.460454 29
0.112940 29
0.224126 29
0.168936 28
0.175529 29
0.067500 29
0.177560 28
0.903699 29
0.071310 30
0.090890 29
0.245530 29
0.715027 29
0.264860 29
0.402500 29
0.198738 29
0.139676 29
20.916837 39
1.092695 28
0.080365 27
4.398633 45
0.125516 39
1.085455 39
0.102608 35
0.101140 35
0.109464 35
0.185385 37
0.157247 36
0.092513 36
0.215006 36
1.341877 38
0.120281 38
1.098524 29
0.275557 28
4.114991 29
0.469100 29
0.399262 30
0.736658 29
0.157376 29
0.156347 29
0.260681 29
0.159231 29
0.204885 29
0.263313 38
0.155123 38
0.140364 38
0.445017 38
0.766335 38
0.231022 38
0.183002 39
0.146360 38
0.162850 38
2.271338 29
0.310685 29
0.189184 30
0.082809 29
0.132509 29
0.121069 29
0.226789 29
0.096753 29
0.176631 29
0.098032 28
0.096666 29
0.312999 29
0.125817 30
0.135054 29
0.084200 29
0.182253 28
0.176235 29
0.218974 29
0.129314 29
0.153393 29
0.175008 29
0.088783 29
0.153475 29
0.178434 29
0.085513 29
0.106098 28
0.922019 29
0.070819 29
0.553226 29
0.330474 29
0.220220 29
0.100299 29
0.112092 30
0.116793 29
0.731935 40
1.152330 29
0.035724 28
1.143155 46
0.096159 40
1.888854 40
0.124457 36
0.156066 36
0.081639 36
0.133628 38
0.190985 37
1.757367 39
0.105901 39
1.080000 30
0.307473 29
2.508060 32
0.397902 28
0.437221 28
0.024210 28
0.023791 28
0.024107 29
0.024371 28
0.023583 28
0.023293 28
0.024093 28
0.023683 28
0.023892 28
0.023993 28
0.024296 28
0.023451 28
0.024177 29
0.023607 28
0.024030 28
0.024040 28
0.045010 28
0.004794 28
0.022677 28
0.022676 28
0.024067 28
0.024255 28
0.023777 29
0.024013 28
0.023492 28
0.023902 28
0.023940 28
0.024061 28
0.023856 28
0.024401 28
0.023193 28
0.023757 28
0.024092 29
0.023879 28
0.023702 1
1.282198 28
0.521393 29
2.402149 29
0.071654 29
0.116119 29
0.711853 28
0.919806 29
0.106968 29
0.312370 30
0.340450 29
0.153048 29
0.180570 29
0.117034 29
0.187379 28
2.133077 29
0.311979 28
0.148082 29
0.106231 29
0.108101 30
0.133294 28
0.974639 29
0.759683 29
0.434962 29
0.085549 29
3.538278 28
0.210747 29
0.153757 28
0.401487 29
1.048670 38
0.230891 29
0.733634 114
3.302832 1974
0.001835 1349
0.303464 1983
0.001643 1364
0.431021 1997
0.004582 1379
0.018005 2011
0.007680 1394
0.019922 2025
0.002226 1409
3.125630 29
1.347758 47
1.830370 30
0.328464 40
0.070646 30
0.179569 30
0.186942 30
0.097342 30
0.102843 31
0.119432 30
0.251602 30
0.056137 30
0.212158 30
0.121154 29
0.124586 30
0.139695 30
0.097270 30
0.125562 30
0.131497 31
0.200874 29
0.168749 30
0.220447 30
0.122753 30
0.176981 29
0.149904 30
0.105484 30
0.132745 29
0.636687 30
0.111161 31
0.216970 30
0.220740 30
0.209101 30
0.087424 30
0.165522 30
0.045031 30
1.304790 29
0.349927 30
0.410894 30
0.078353 31
0.096752 30
0.120189 29
0.834237 30
0.218978 30
1.774101 32
0.498564 46
1.057945 79
0.507329 56
0.208808 56
0.478414 56
0.572623 118
2.523955 1980
0.003409 1515
0.022079 1988
0.003639 1531
0.007029 2027
0.002299 1579
0.020889 2040
0.001515 1595
0.007657 2047
0.002341 1617
0.023400 1968
0.002163 1725
0.009128 1992
0.009592 1759
0.012113 2004
0.003082 1776
2.481520 28
0.317987 28
0.257697 28
0.228598 33
0.582740 40
0.173520 40
0.160174 29
0.154604 40
0.171042 41
0.183252 40
0.731617 30
0.422290 31
0.218831 30
0.127444 30
0.375424 29
0.642314 30
0.083088 30
0.090542 30
0.110771 29
0.421371 30
0.187751 30
0.190457 31
0.241867 30
0.218629 30
0.132039 30
0.555926 30
0.274344 29
1.782171 30
0.401046 30
0.484199 40
1.115805 30
1.329194 30
2.324481 30
0.432583 31
0.432182 29
0.215842 30
0.116147 30
0.120022 30
0.169878 29
0.333443 29
0.166156 40
0.718793 30
0.123599 29
3.783835 30
2.262929 30
0.696445 30
0.146417 30
0.237147 30
0.547989 30
0.206755 29
0.165035 30
2.129057 54
0.523595 56
0.294793 38
3.731205 37
0.162479 37
0.356567 37
9.430610 37
0.226570 37
0.190128 37
0.141312 37
0.202523 37
0.149664 39
0.057849 38
0.208127 38
0.223368 38
0.463204 40
0.699509 38
0.075551 38
1.036202 41
21.275227 29
0.543557 38
0.118294 38
1.221407 50
0.157393 38
0.246381 28
1.613405 46
0.102434 40
0.911470 40
0.183438 36
0.248391 36
0.118039 36
1.628748 40
0.119964 39
0.212607 29
5.148148 29
2.719107 30
0.421242 29
4.364590 30
0.086519 30
0.203000 30
0.462829 30
0.289758 30
0.317118 29
0.416705 31
0.138031 30
0.091671 30
0.106700 30
0.107551 30
1.360843 29
2.303852 30
0.119980 30
0.059468 30
0.119047 30
0.167341 30
0.345430 30
0.126775 30
0.105778 29
0.242907 30
0.055700 29
3.240527 30
0.150147 30
0.120677 30
0.233405 30
0.103858 31
0.129456 30
0.084553 30
0.239579 30
0.257260 30
0.156307 30
0.140143 29
0.627599 30
0.126350 30
0.117458 30
0.078091 31
0.131366 30
0.233038 29
1.000550 30
0.137390 30
0.113417 30
0.602083 30
0.159976 30
0.111884 29
0.185752 30
0.083449 31
0.198883 30
0.227936 30
0.104968 29
0.559403 30
0.311036 30
0.129446 30
0.101079 30
0.160154 29
0.279794 30
0.121339 31
0.177501 30
0.092390 30
0.152159 29
0.386665 30
0.104448 29
1.875845 30
0.100615 30
0.165330 30
1.733313 29
0.739836 31
0.074353 30
0.125577 30
0.105253 30
0.112934 30
0.111319 30
0.211777 30
0.148743 30
0.870832 41
1.049441 29
0.073173 28
0.707009 46
0.099304 40
4.567829 40
0.884407 36
0.173399 36
0.105829 36
0.159790 38
0.172628 37
0.270568 37
0.314532 40
0.314775 37
0.154752 37
0.143605 37
2.079307 39
0.112969 39
1.144273 30
0.187306 29
5.733401 30
0.079623 31
0.045403 30
0.135510 29
2.365420 29
0.257762 40
0.160692 41
0.163093 40
0.823997 30
0.088334 31
0.129453 30
0.102906 30
0.168449 30
0.090455 30
0.136575 30
0.157352 30
0.441015 29
0.484042 30
0.078491 30
0.106246 31
0.415596 29
0.412241 30
0.232509 30
0.074585 30
0.089726 30
0.069505 30
0.113309 29
0.650977 30
0.132600 30
0.125471 31
0.303143 30
0.143933 29
0.172355 30
0.104273 30
0.102887 29
0.274949 30
0.058999 29
0.682374 30
0.151861 30
0.140078 31
0.451316 30
0.089931 30
0.902977 30
0.047057 30
0.209607 30
0.104405 30
0.133311 30
0.104987 30
0.122255 29
0.190700 31
0.128513 30
0.009150 30
0.164944 30
0.206125 30
0.389769 40
0.160647 40
0.150814 40
0.164884 40
0.611228 30
0.124725 30
0.167175 30
0.142092 30
0.770340 30
0.156063 30
4.348718 41
2.415878 29
0.032829 28
1.747032 46
0.114792 40
2.030508 40
0.093278 36
0.711493 36
0.189631 36
0.108210 38
0.175345 37
0.097362 37
0.577001 40
0.652966 37
2.754977 39
0.133557 39
1.065726 30
0.293309 29
2.939587 30
0.741283 30
0.152464 30
0.152231 31
0.117587 30
0.146443 30
0.081343 29
0.159006 30
0.084169 30
0.093969 30
0.140415 30
0.041383 30
0.130699 29
0.960413 31
0.111473 30
0.088130 30
0.094992 30
0.119254 29
1.798716 30
0.113409 30
0.393641 30
0.218875 30
0.215744 30
0.094674 31
0.091942 30
0.249190 30
0.154555 29
0.153768 30
0.073240 29
1.461591 30
0.094317 30
0.216302 30
0.142021 30
0.194997 31
0.135744 30
0.152751 30
0.228626 29
1.777366 30
0.212169 30
0.215727 30
0.140856 30
0.152945 30
0.130356 29
0.158997 31
0.067991 30
0.155670 30
0.051136 29
0.460693 29
0.169436 40
0.102176 30
0.166963 29
1.460586 30
0.100741 29
0.428068 30
0.114736 30
0.129700 30
0.110701 30
0.249274 31
0.150161 30
0.081535 29
0.797285 30
0.110139 30
0.200927 30
0.091114 30
0.191394 30
0.125084 30
0.088360 29
0.156046 31
0.089157 30
0.112442 29
0.315695 30
0.095590 30
0.127221 30
0.261957 30
0.151033 30
0.136605 30
0.087592 30
0.161603 31
0.094952 30
0.502955 41
0.185307 38
2.455752 37
0.210001 37
0.226021 37
0.903995 37
0.334134 37
0.183487 37
0.191954 37
0.245690 37
0.264757 39
0.229771 38
0.292419 38
0.214346 38
0.356529 40
0.813936 38
0.437106 38
0.365191 41
121.754186 29
0.125439 40
1.571732 39
0.427413 36
0.088663 36
0.243419 36
0.923249 36
0.068687 36
0.330639 38
0.247328 37
0.123235 37
1.478297 37
0.586292 37
0.834672 37
0.038163 37
0.938774 37
0.337624 37
0.092647 37
0.552302 38
0.764485 39
0.128539 39
1.096243 41
14.599203 29
0.117507 29
0.385151 38
0.210457 29
0.267821 41
1.199268 29
0.241620 29
0.168185 29
0.170731 29
0.075746 29
1.155286 40
0.991642 132
0.213311 38
0.250481 38
0.178691 38
0.156500 38
0.167155 38
0.745185 29
0.524716 40
14.644984 29
0.379982 29
7.336126 40
0.818726 29
1.131925 29
0.085720 29
0.540506 40
4.459519 29
0.488514 40
5.453178 29
16.067531 40
0.222401 38
23.084439 37
0.186061 37
0.178888 37
1.635288 37
1.142811 37
0.355250 37
0.200028 37
0.215486 37
0.131118 39
0.125235 38
0.260529 38
1.055752 38
0.521675 40
0.238669 38
0.758090 38
5.514758 41
1.494266 29
0.176326 40
1.101717 48
0.537331 49
0.264499 45
0.295983 45
0.079240 45
0.169312 45
0.110164 47
1.115394 46
0.628156 46
0.999006 46
0.047216 46
0.499632 46
0.365485 46
0.106594 46
1.474069 46
0.817315 46
0.182152 47
0.192156 46
0.842206 41
13.990267 38
2.917646 569
3.364554 2031
0.012107 60
0.015116 2101
0.030304 2046
0.015594 60
0.015057 2111
0.024100 2047
0.002512 69
0.035577 2047
0.014055 74
0.029528 2047
0.004362 79
0.016625 2047
0.014515 84
7.898410 29
0.389898 29
1.737787 29
0.954333 29
11.340713 42
0.101684 18
0.000938 34
0.288026 51
0.229838 25
0.000578 42
0.212452 25
0.000309 42
0.166215 25
0.000314 42
0.149880 25
0.000322 44
0.168014 25
0.000393 44
0.183075 25
0.000315 43
0.319142 25
0.000367 45
0.412342 70
0.668810 25
0.000393 45
1.693716 29
0.217896 23
0.000654 6
0.146347 23
0.002666 31
0.001033 426
0.000597 33
0.197076 28
0.336154 22
0.000181 6
0.150327 22
0.000186 11
0.002033 459
0.272493 28
0.342706 22
0.000281 6
0.150780 22
0.000523 263
2.384904 24
0.021748 42
0.386229 25
0.000350 42
0.516389 25
0.000308 42
0.155836 25
0.000385 42
0.182999 25
0.000341 43
0.225398 25
0.000193 26
2.016150 23
0.000217 88
0.698273 30
0.474087 29
0.787868 29
0.458272 30
0.770734 41
0.529414 29
0.438301 29
0.023991 29
0.024171 29
0.023845 29
0.023920 29
0.023522 29
0.023826 29
0.024167 29
0.023777 29
0.024140 28
0.023726 28
0.026037 28
0.021480 28
0.024166 28
0.348228 28
2.154532 65
0.484188 28
0.437788 28
0.023605 28
0.023812 28
0.025615 28
0.023027 28
0.024603 28
0.022792 30
0.023909 29
0.023467 29
0.023979 29
0.023800 29
0.024050 29
0.023819 29
0.024068 29
0.024180 29
0.023535 29
0.023438 1
0.708141 41
4.971919 395
2.367060 40
0.438042 40
0.023438 40
0.024138 41
0.023836 40
0.023953 40
0.023937 40
0.023584 40
0.024488 40
0.023236 40
0.024831 29
0.024598 40
0.022946 40
0.023691 30
0.023930 40
0.024149 29
0.023181 40
0.023770 29
0.023677 40
0.025906 29
0.022881 40
0.023961 40
0.023317 29
0.267542 39
0.476525 38
0.199547 38
0.437600 38
0.023976 38
0.024317 38
0.023437 38
0.024225 38
0.023976 38
0.485435 143
1.208579 42
0.101032 18
0.000443 34
1.185663 26
0.021040 148
0.822106 23
0.000792 38
0.311546 23
0.000277 38
1.136117 23
0.000311 38
0.305098 23
0.000315 38
0.200067 23
0.000308 38
0.437538 23
0.000255 38
0.023726 23
0.000303 43
0.023999 24
0.000393 44
0.042816 24
0.000371 44
0.004716 24
0.000250 40
0.022702 24
0.000286 40
0.024416 24
0.000323 40
0.023019 24
0.000359 44
0.023524 24
0.000483 44
0.258063 24
0.000354 40
0.844763 24
0.000394 40
0.437978 24
0.000270 41
0.023610 24
0.000295 40
0.049633 64
0.032878 64
0.005915 24
0.001463 40
0.005375 24
0.000326 44
0.023305 24
0.000327 44
0.023583 24
0.000243 40
0.024175 24
0.000308 40
0.211625 24
0.000271 40
0.436417 24
0.000337 40
1.512292 28
0.196302 22
0.000211 6
0.119147 22
0.000189 31
0.001644 459
0.150762 28
0.211205 22
0.000244 6
0.169051 22
0.000191 11
0.001881 459
0.171660 28
0.275803 22
0.000188 6
0.154118 22
0.000180 25
1.134119 28
0.128864 22
0.000549 152
1.717245 23
0.100761 58
1.447679 22
0.000182 86
1.384204 29
0.383089 29
0.592954 29
0.164883 29
0.185527 29
0.963831 1
0.667401 41
6.637746 29
0.059353 29
0.905506 40
1.857180 29
0.178941 29
1.272604 29
1.903833 29
0.774740 29
1.088627 29
1.872167 29
1.883809 29
0.576696 31
0.051646 30
0.985843 42
1.246192 29
0.146128 29
0.898297 40
0.531697 29
0.165459 29
0.056171 29
0.392565 40
1.576902 29
0.340073 40
0.685363 29
0.350555 40
0.202671 38
5.415495 29
0.241889 28
0.372690 29
0.090228 29
0.217790 29
0.185574 29
0.258084 29
0.135883 29
0.216029 31
1.395427 29
0.541754 30
0.076432 30
0.432557 30
0.111711 30
0.394364 30
0.173452 30
0.211529 30
0.241939 30
0.771991 30
0.280082 30
0.101160 30
0.091872 30
0.169639 30
0.185725 30
0.137229 30
0.247341 30
0.579567 30
0.401195 29
0.442752 31
0.237976 30
0.138429 30
0.221815 30
0.104617 30
0.607286 40
0.405087 30
0.139360 29
1.997919 30
0.150037 30
1.236340 40
0.254861 40
1.617901 30
0.138429 30
0.111035 30
0.252265 30
0.202319 30
1.714274 30
0.438431 40
0.023994 30
0.344197 40
0.223682 43
0.158138 40
0.134302 30
0.437715 40
0.023588 40
0.171895 40
0.188221 40
0.952047 30
0.225520 30
0.249700 30
0.244456 30
0.110892 31
0.228371 30
0.101150 30
0.094671 29
0.083048 30
0.072069 30
0.166054 29
1.004385 30
0.269302 30
0.189301 30
0.078285 31
0.182464 29
0.270748 30
0.194822 30
0.224125 29
0.740112 30
0.138933 30
0.334439 30
0.957720 40
0.203354 40
0.174993 40
0.154557 29
0.823427 29
0.205802 30
0.056116 30
0.199870 29
0.205101 30
0.313268 30
0.151191 31
0.175592 30
0.250041 30
0.193602 30
0.067050 30
0.157891 30
0.106937 30
0.176199 29
0.401228 30
0.100839 30
0.192916 31
0.215803 30
0.190052 30
0.114261 29
0.310200 30
0.123929 30
0.226590 30
0.021519 30
0.053933 30
0.217663 30
0.108944 31
0.104247 29
0.156973 30
0.089462 30
0.124050 30
0.123791 29
0.559080 29
0.154400 40
0.208551 29
0.072821 30
0.130110 29
0.545693 30
0.071565 30
0.182183 30
0.201223 31
0.184828 30
0.092641 30
0.120848 30
0.121236 30
0.190161 29
0.249590 30
0.180053 30
0.228358 30
0.326705 30
0.107557 33
0.087056 31
0.803794 31
0.322668 30
0.620659 29
0.176731 39
0.127213 29
0.285886 29
0.184098 29
0.259245 29
0.206546 30
0.242254 29
0.170101 28
0.533662 30
0.078517 30
0.137699 30
0.331513 30
0.284833 29
0.729072 30
0.223532 30
0.225283 31
0.097034 30
0.258327 29
0.536059 30
0.265289 30
0.127896 30
0.315800 40
0.294315 30
0.305542 30
0.172594 30
0.664773 30
0.137587 29
3.382602 31
0.398457 41
0.224221 29
0.612929 30
0.478014 42
0.557739 38
23.403069 28
0.438223 28
0.023450 28
0.023937 28
0.023886 28
0.023859 28
0.023907 28
0.024578 29
0.023323 28
0.194704 28
0.179680 28
1.439676 44
0.217498 44
0.164389 44
0.816141 55
0.223589 55
0.191022 71
2.247399 17
0.000329 23
0.100979 17
0.000280 33
1.291813 28
0.228049 22
0.000289 6
0.122073 22
0.000187 31
0.002192 459
0.219867 28
0.274582 22
0.000204 6
0.155081 22
0.000233 11
0.002373 459
0.159231 28
0.301115 22
0.000199 6
0.149110 22
0.000563 11
0.001664 459
0.455711 28
0.280764 28
0.150075 22
0.000223 11
0.002369 516
0.591979 24
0.000839 44
0.711142 24
0.000360 40
0.184527 24
0.000361 40
0.152975 24
0.000401 40
0.566409 24
0.000383 40
0.346517 24
0.000357 25
1.673928 22
0.000191 86
0.539954 28
0.311896 38
8.246916 29
0.132113 29
0.251257 29
0.293809 29
2.084130 38
0.848290 29
0.650572 29
0.034096 29
3.301805 29
0.120355 29
0.566193 31
0.062822 30
3.530002 32
0.466218 32
0.525713 29
0.208003 29
0.825391 57
0.193754 57
0.179125 57
0.164148 57
0.154179 56
0.171442 56
0.150663 56
0.169144 56
0.189778 56
0.341169 56
0.695656 28
0.171281 29
0.185000 28
0.167779 28
0.173433 30
0.182961 28
0.209932 30
0.884803 38
9.044282 37
0.314116 37
0.240515 37
0.822369 37
0.547811 37
0.113345 37
0.205012 37
0.201997 37
0.147331 39
0.094394 38
0.199199 38
0.635252 38
1.343467 40
0.678402 38
0.414537 38
0.066568 38
3.738009 41
66.704731 2047
0.006574 611
0.027248 2040
0.015471 594
0.009710 2005
0.003880 569
0.025329 1991
0.003479 559
0.014051 1973
0.007694 544
0.014484 1971
0.002848 443
0.025597 2047
0.002150 356
0.036889 2392
29.612612 29
1.446229 28
4.506397 46
0.122642 40
1.461964 40
0.161676 36
0.122174 36
0.160790 36
0.080240 38
0.320569 39
0.795548 39
0.069985 39
0.038524 39
1.318393 39
0.105459 39
1.689986 30
0.167993 29
0.986214 30
0.097577 31
0.088559 30
0.090738 30
0.153455 30
0.135474 30
0.087014 30
0.130344 30
0.133913 30
0.488944 41
1.045387 29
0.021051 28
1.615803 46
0.103063 40
30.451067 1
0.322508 28
0.272281 28
0.372662 28
0.438246 28
0.023518 28
0.023810 28
0.023800 30
0.023995 29
0.023824 29
0.024340 29
0.023891 29
0.023450 29
0.023941 29
0.023781 29
0.223149 1
0.356698 75
1.181998 29
0.646721 28
0.449404 46
0.169018 40
1.784086 105
0.042685 36
0.162958 36
0.138567 36
0.227273 38
0.066419 37
0.386912 57
0.432942 39
0.070189 39
0.199989 39
4.644514 40
1.671586 39
0.135539 29
0.378912 29
0.196861 29
0.152128 29
0.163246 29
0.671572 64
1.169785 67
1.792607 67
0.339877 67
0.182439 67
0.178625 67
0.190144 67
0.190516 67
0.191585 67
0.194658 67
1.079131 64
0.202269 64
0.174161 64
0.179906 64
0.175890 64
0.176340 64
0.173888 64
0.173770 64
0.170112 64
1.209765 53
0.452073 64
0.558980 67
0.564281 29
0.365471 29
0.206661 29
0.179520 29
0.153732 29
3.257722 39
0.155498 109
1.514480 30
0.101321 29
1.877518 31
0.681968 29
0.214990 31
0.156984 1
3.231848 40
0.085789 36
0.208023 36
0.304124 36
0.126041 38
0.209545 37
1.169877 39
0.254639 39
0.389431 39
0.083699 39
0.115952 39
0.074342 39
0.061950 39
2.530754 39
0.114411 40
1.147184 30
0.309666 29
116.322915 30
0.138343 30
0.156228 30
0.929508 30
0.113040 30
0.451504 29
0.110442 30
0.204902 31
0.104146 30
0.110446 30
0.077575 30
0.073529 30
1.411901 42
1.134330 29
0.258074 28
0.897922 46
0.132486 40
0.532929 40
0.161128 36
0.099417 36
0.179311 36
0.080296 38
0.343938 39
0.014617 39
0.471084 40
0.499039 39
0.324714 39
0.058250 39
0.107946 39
0.085138 39
0.022373 39
0.683644 39
0.114803 39
0.892000 31
0.140040 29
0.742717 30
0.104457 30
0.164209 30
0.549057 30
0.132199 30
0.589101 29
0.161356 30
0.318750 30
0.068381 31
0.149740 30
0.066116 30
0.084926 30
0.761545 41
0.530222 38
9.336675 37
0.145484 37
0.161991 37
1.127586 37
0.285264 37
0.128064 37
0.156581 37
0.197597 37
0.161728 39
0.096598 38
0.213099 38
0.607976 38
0.623352 40
1.467461 38
1.016480 38
0.042584 38
0.360341 41
221.727303 29
0.103588 40
0.704669 39
0.624673 36
0.099567 36
0.188707 36
0.084299 36
0.212345 36
0.045294 38
0.967403 37
2.028386 37
0.077758 37
0.134676 37
0.134443 37
0.331404 37
2.263742 37
0.737055 39
0.121528 39
0.244195 30
32.467449 30
0.065390 30
0.136405 30
0.135508 29
0.558287 30
0.240332 30
0.222876 30
0.281052 30
3.866301 30
0.702652 31
0.408936 30
0.167636 30
0.268062 30
0.362314 40
3.459126 30
0.095047 29
2.260179 30
0.084777 30
0.051429 30
0.116432 29
0.385908 30
0.931231 40
0.280806 46
0.067855 30
1.016509 40
0.198726 52
0.172811 41
1.867140 40
1.084274 46
0.147813 30
1.709797 39
1.376210 46
10.763005 29
0.789785 30
0.048664 29
0.486606 30
27.829260 29
0.438117 29
0.023285 29
0.023868 29
0.024917 29
0.023104 29
0.024142 29
0.023381 29
0.218147 30
0.530014 29
3.343119 68
1.018317 79
0.460871 29
0.725175 62
0.414749 29
0.230773 29
0.173330 29
1.264106 44
1.716606 29
0.213355 29
0.172388 29
0.167494 29
0.151607 29
0.437688 30
0.023681 1
0.542803 185
35.173450 28
0.735839 28
0.508259 1
1.078332 38
1.947701 37
0.181513 37
0.189727 37
8.352685 37
0.312876 37
0.183936 37
0.195604 37
0.212570 37
0.167493 39
0.072797 38
0.179504 38
0.779186 38
0.563599 40
0.806315 38
0.847286 38
0.099111 38
0.646044 41
20.897346 29
0.315677 28
0.168811 29
0.128557 28
0.442273 29
0.718105 29
0.196015 29
1.948846 40
0.229145 38
8.626493 37
0.161532 37
0.166713 37
0.739244 37
0.582635 37
0.109634 37
0.180233 37
0.218551 37
0.140836 39
0.096712 38
0.172108 38
0.708655 38
1.955798 40
1.379551 38
1.829277 38
0.343611 38
1.211924 41
15.408469 28
0.438018 28
0.023794 28
0.024127 28
0.024159 28
0.023481 28
0.024814 28
0.184288 28
0.438473 28
0.023546 29
0.023988 28
0.024113 28
0.024159 28
0.023303 28
0.024988 28
0.543337 28
0.401393 28
0.215577 28
0.173036 28
0.205896 29
0.223153 28
0.195176 28
0.454685 28
0.395845 28
0.324532 28
0.455428 412
0.265029 404
2.119709 233
0.621371 28
0.438619 28
0.024112 28
0.023639 28
0.024410 28
0.024403 28
0.211986 28
0.159697 30
0.172138 29
0.467340 40
0.201240 39
1.269994 318
30.352523 29
0.438117 31
0.024781 32
0.023205 29
0.024371 29
0.024144 29
0.024469 31
0.022156 31
0.023956 32
0.023995 28
0.023765 28
0.220499 139
0.197598 28
0.261233 28
0.188869 28
0.182543 28
0.327102 28
0.297817 28
0.439228 28
0.023222 28
0.023512 28
0.023655 28
0.023880 28
0.024418 28
0.023393 28
0.024180 28
0.023773 29
0.023790 28
0.024081 28
0.023681 28
0.024350 28
0.023281 28
0.024532 28
0.023854 28
0.023567 28
0.024034 28
0.023684 29
0.023936 28
0.023703 28
0.025214 28
0.023660 28
0.023994 28
0.024036 28
0.023898 28
0.023905 28
0.023710 28
0.023697 29
0.025489 28
0.022816 28
0.024927 28
0.022639 28
0.024045 28
0.024514 28
0.023152 28
0.024171 28
0.023544 1
2.041504 29
0.402685 28
0.113164 29
0.546933 29
0.218585 28
0.983870 47
0.223330 29
0.439879 28
0.046028 28
0.002662 28
0.021285 28
0.023755 28
0.024123 28
0.024152 28
0.024086 28
0.023508 28
0.024396 29
0.023274 28
0.023696 28
0.023836 28
0.186493 28
0.188975 28
0.170678 28
0.173977 28
0.362274 29
0.351921 31
0.284787 29
0.382845 28
0.438114 28
0.023824 28
0.024262 28
0.023339 28
0.024051 28
0.023930 28
0.024244 28
0.023332 29
0.023877 28
0.024827 28
0.023911 28
0.023159 28
0.024848 28
0.023081 28
0.024203 28
0.023369 28
0.237740 28
0.196257 29
0.468016 49
0.776144 28
0.298161 28
0.195062 28
0.168982 28
0.339141 28
0.345704 29
1.022552 28
0.255123 28
0.178453 28
0.502930 28
0.437601 28
0.024206 28
0.023878 28
0.023919 29
0.024049 28
0.023246 28
0.023947 28
0.024509 28
0.023381 28
0.024820 28
0.023251 28
0.024318 28
0.023397 28
0.023826 29
0.023952 28
0.024425 28
0.023613 28
0.024361 28
0.023324 28
0.023485 28
0.024768 28
0.042573 28
0.004270 28
0.181264 29
0.584321 34
0.375183 33
0.332294 29
0.243849 30
0.335984 36
0.296974 30
0.162702 29
0.438916 29
0.024203 29
0.187435 29
0.216058 29
0.292205 29
0.188219 29
0.192659 29
0.178607 29
0.767618 45
4.321232 31
0.183211 32
0.437971 32
0.024097 32
0.024493 32
0.022690 31
0.024164 32
0.023677 32
0.024211 31
0.023995 33
0.023589 31
0.023957 30
0.024045 30
0.023808 28
0.023557 30
0.023976 32
0.023960 32
0.023981 32
0.023893 32
0.024079 33
0.024025 31
0.023573 32
0.024016 32
0.026505 73
0.020949 32
0.026007 31
0.022523 30
0.023851 32
0.023111 31
0.023742 1
0.779470 1
0.713703 1
29.432873 1
0.457967 32
0.715918 31
0.333053 32
0.242824 31
0.179075 30
0.449842 32
0.204440 31
35.290664 32
0.379621 31
0.200412 30
0.148017 32
0.203134 31
0.637041 32
1.174412 73
50.585072 29
0.455022 29
0.050006 29
0.146304 28
1.468254 29
0.094164 29
0.565594 29
0.193018 29
0.116694 31
0.319825 30
0.250101 30
0.187697 29
0.178192 30
0.077189 30
0.108635 29
0.806347 30
0.160580 30
0.818351 40
0.226881 40
0.291912 30
0.128839 30
1.493668 30
0.084198 31
0.076367 30
0.646835 30
0.111649 30
0.225723 29
0.817290 30
0.111364 30
0.173875 30
0.199442 30
0.072524 30
0.160285 30
0.509842 30
0.091467 30
0.143666 30
0.184167 30
0.137512 30
0.654851 30
0.252000 30
0.142095 29
26.507839 30
0.077133 31
0.096851 30
0.076279 29
0.128193 30
0.138643 29
0.185212 30
0.090582 30
0.088226 29
0.405711 30
0.090915 30
0.179426 31
0.100564 30
0.086586 30
0.130836 29
0.370834 30
0.093176 30
0.136586 30
0.074996 30
0.101725 30
0.099493 30
0.305227 31
0.123082 29
0.195353 30
0.107193 30
0.175244 29
0.083982 30
0.094207 30
0.081564 30
0.084457 29
0.256756 30
0.140637 31
0.112097 30
0.114647 30
0.081320 29
0.201958 30
0.129682 30
0.169774 30
0.101678 30
0.132376 30
2.061672 42
0.100469 18
0.000682 34
0.383634 23
0.020884 33
1.064606 1
0.220032 1
0.530449 1
0.019533 14
0.000164 14
0.015513 25
0.009535 62
0.080686 168
0.013385 172
65.031017 172
2.720308 172
0.027326 172
0.031278 172
0.035328 172
0.033719 172
0.031228 172
0.029825 172
0.032258 172
0.037328 172
0.039821 172
0.045452 172
0.041045 172
0.051190 172
0.124519 172
0.046658 172
0.046717 172
3.207297 16
1.628597 2
0.180896 72
0.011439 52
0.001911 11
0.041928 31
0.000605 14
0.010565 1788
0.914258 25
0.000258 45
0.437716 49
0.023901 48
0.024182 24
0.000299 24
0.023613 48
0.023623 48
0.023928 48
0.024028 48
0.023631 48
0.023926 48
0.024565 48
0.024362 24
0.000208 24
0.022860 48
0.023647 24
0.000215 24
37.070553 47
1.503470 22
0.000566 81
0.714936 73
1.906622 37
0.125774 37
0.164409 37
0.848347 37
0.219293 37
0.195342 37
0.125241 37
0.169191 37
0.135311 39
0.080065 38
0.181527 38
0.543569 38
10.413838 40
0.058951 38
0.136521 38
0.471237 38
0.442840 73
141.656392 29
0.257087 29
0.093310 29
0.110524 28
1.601187 28
0.160486 38
0.168448 38
0.181406 38
1.653913 29
0.429059 40
0.518272 38
0.135331 38
1.490495 38
0.575127 38
0.159939 38
0.328980 38
0.646253 38
2.590074 38
0.849683 40
0.386485 73
0.903535 29
0.095310 29
0.190195 28
0.285750 29
0.131409 29
0.558912 73
0.887079 29
0.111075 29
0.084168 29
0.095607 29
0.099923 28
0.116305 29
0.036419 29
0.095283 28
1.107305 31
0.016773 30
0.172874 30
0.165699 30
0.097634 30
0.053060 30
0.221650 30
4.554961 29
1.042991 30
0.180074 30
0.185171 30
0.177509 30
0.080313 30
0.105951 29
0.442052 29
0.193047 40
0.165515 40
0.465796 30
0.094474 30
0.141498 30
0.106997 30
0.160119 30
0.139791 30
0.097485 30
0.180805 30
0.080833 30
0.275040 31
0.435093 29
3.132033 30
0.638141 30
0.114904 29
0.230725 30
0.118438 30
0.075837 30
0.110481 29
0.676805 30
0.107144 31
0.108633 30
0.156377 30
0.193472 30
0.153082 29
0.681465 30
0.065649 30
0.370314 30
0.323620 29
0.446142 30
0.463128 40
0.128638 30
0.348366 31
0.153879 30
0.446667 30
0.094923 30
0.473986 29
0.176425 30
0.098498 30
0.077756 29
0.726892 30
0.213499 30
0.246377 31
0.139671 30
0.170483 30
0.069708 29
0.195390 30
0.081093 30
0.206282 29
0.826785 30
1.647061 73
0.279586 73
6.913814 37
0.194332 37
0.198755 37
0.561167 37
0.270889 37
0.168731 37
0.154778 37
0.191897 37
0.145473 39
0.090698 38
0.173284 38
0.215116 38
0.731970 40
0.192362 38
0.118152 38
0.480295 38
0.501137 73
31.217958 29
0.114081 40
0.398841 39
0.304427 36
0.144003 36
0.221191 36
0.096398 36
0.242219 36
0.216756 38
0.079345 37
0.140215 37
0.167386 37
0.197875 37
0.672329 37
0.102505 37
0.475569 37
0.330327 37
0.093599 37
0.393453 38
0.164156 37
0.065746 37
0.254148 37
0.183868 37
3.509637 37
0.841609 39
0.152574 39
2.467413 29
324.463069 73
1.055793 29
0.084672 29
0.059920 29
0.131799 28
0.690145 28
0.161127 38
0.127508 38
0.144576 38
12.959620 37
2.199445 29
0.071752 29
0.073854 29
0.105190 28
0.148090 29
0.131168 28
2.896484 29
0.064661 30
0.568633 30
0.051530 30
2.791168 30
0.124716 29
2.689864 30
0.846728 30
1.973606 29
0.098577 30
0.104598 29
0.364268 31
0.827016 30
0.798732 38
1.009925 73
1.447333 37
24.719644 29
0.066447 29
0.087892 29
0.142795 28
0.438354 29
0.347071 29
0.069764 29
0.087145 31
0.081956 30
0.216862 30
0.403094 29
1.624518 30
0.383539 30
0.999026 29
0.448112 30
0.074656 29
0.714125 30
1.214988 31
0.040633 30
1.452143 29
12.209462 30
0.169459 30
1.587082 30
0.346477 30
0.131071 29
0.450251 30
0.150796 30
0.257776 31
0.147065 30
0.175584 29
0.868660 30
0.080293 30
0.175846 30
0.175760 30
0.235155 30
0.070320 30
0.122525 29
0.423657 31
0.380752 30
0.335825 40
0.209107 41
0.206286 31
0.185228 30
0.187256 30
0.116874 30
0.137654 30
0.252670 29
0.124561 30
0.073162 30
0.210057 29
0.585674 30
0.321986 31
1.988070 38
0.474177 73
1.106054 37
21.050151 37
0.412363 29
0.089599 29
0.070329 29
0.065334 29
0.196388 29
0.254380 28
1.324903 28
0.191343 38
0.171162 38
0.160663 38
0.156813 38
0.171373 38
0.284759 38
0.740983 29
0.021038 29
0.087832 29
0.058792 29
0.161141 29
0.159214 28
0.126870 29
0.094302 31
0.117590 30
0.098272 29
4.251328 30
0.679686 30
0.051941 30
0.768956 29
1.001262 30
0.084500 29
0.865441 30
1.055019 31
0.037385 30
65.801276 30
0.223037 29
0.417268 50
0.437791 51
0.024297 50
0.023906 50
0.024312 50
0.023455 50
0.024010 50
0.023970 50
0.023476 50
0.024151 50
0.023672 50
0.023915 50
0.023895 48
0.136486 48
0.189893 48
0.160163 48
0.182798 48
0.164346 48
0.180279 65
0.633934 126
1.114199 28
0.429150 112
0.944866 215
1.392702 29
30.500729 32
1.316424 42
1.026266 127
2.741710 38
0.626497 42
1.213564 37
0.436249 29
0.068717 29
0.117380 29
0.011459 29
0.219055 29
0.089921 28
1.883688 29
0.066144 31
0.080999 30
0.486495 29
1.016071 30
1.437647 30
0.570671 30
0.986015 30
0.106233 30
0.321646 30
2.519793 29
1.214983 31
0.362875 30
2.416536 29
0.232821 30
0.087940 29
3.279319 30
2.107207 30
0.046053 30
1.768432 29
0.225059 30
0.103796 31
0.197988 29
0.889281 29
0.309323 30
0.127504 30
0.119019 30
0.028731 30
0.250280 30
0.309820 30
0.150444 30
0.110649 30
0.105551 29
0.671458 31
0.167197 30
0.234422 30
0.120476 30
0.163634 30
0.222834 30
0.133331 30
0.140168 29
0.137481 30
0.100444 30
0.238163 30
0.233265 30
0.075616 29
0.411074 30
0.106370 30
0.062412 30
0.099942 30
0.173647 30
0.193341 30
0.118365 30
0.345163 31
0.195679 29
0.161234 30
0.075302 30
0.129739 30
0.117461 30
0.140521 30
0.149083 30
0.162406 30
0.091074 30
0.089045 31
1.438588 38
4.737246 73
10.771237 37
45.198578 29
0.259869 29
0.155378 29
0.103182 29
0.238471 29
0.131255 28
0.196348 29
0.076532 31
0.184970 30
0.124314 29
0.629895 30
0.246978 30
1.032483 29
0.084384 30
0.075273 29
0.669361 30
0.730239 40
0.707326 30
1.713538 30
0.097942 30
3.998684 30
0.643104 30
2.539686 29
0.051771 30
0.079649 29
1.049130 30
0.938913 40
0.981807 30
0.799169 30
0.522384 29
0.808383 30
0.136218 31
1.964223 30
0.071755 30
0.077873 30
0.062190 30
0.252418 30
0.229384 30
0.155319 30
0.362722 30
0.149621 29
0.280801 31
0.214907 30
0.075581 30
0.256595 30
0.115905 30
0.177251 29
1.902193 30
0.040791 30
0.119034 29
0.182465 30
0.152075 30
0.456816 30
0.111317 31
0.131476 29
0.207460 30
0.273379 30
0.088036 30
0.148349 29
0.464662 30
0.092166 30
0.129387 30
0.118732 30
0.090434 31
0.131963 29
0.273597 30
0.135446 30
0.204660 30
0.148206 30
0.144936 30
0.092773 30
0.141219 30
0.136687 30
0.641709 73
0.685843 73
1.337763 37
0.152535 37
0.365034 37
0.671892 37
0.394803 37
0.148854 37
0.165664 37
0.185490 37
0.152847 39
0.068672 38
0.144231 38
0.236156 38
0.574262 40
0.168415 38
0.437727 38
0.950946 38
6.838658 175
7.395648 37
1.871619 29
0.071289 29
0.062256 29
0.116410 28
0.155514 29
0.386287 29
0.133846 28
3.037979 31
0.389517 41
0.070598 39
0.086511 39
0.066918 39
0.190225 39
0.253871 39
0.183585 39
0.244734 39
1.776135 39
1.964231 40
2.030256 39
3.179315 32
0.319593 31
0.620327 1
0.535269 32
0.052272 29
0.483754 29
0.243982 29
0.437804 29
0.023647 29
0.024242 29
0.023453 29
0.024065 29
0.024001 29
0.024002 29
0.023208 30
0.024140 29
0.024133 29
0.024628 29
0.023514 29
0.023791 29
0.024057 29
0.024110 29
0.023348 29
0.024064 29
0.023835 30
0.023811 29
0.024141 29
0.023781 29
0.023775 29
0.024090 29
0.023792 29
0.023553 29
0.024334 29
0.024095 29
0.023817 30
0.023723 29
0.024019 29
0.024116 29
0.023586 29
0.024482 29
0.023518 29
0.023933 29
0.023639 29
0.024039 29
0.024117 30
0.023359 29
0.024290 29
0.023591 29
0.024238 29
0.023598 29
0.023841 29
0.024398 29
0.024004 29
0.023794 29
0.023425 1
1.196662 66
1.095733 31
0.525577 32
0.206031 32
0.220766 1
48.144804 30
0.257245 30
0.117026 30
0.660741 30
0.119207 30
0.274234 30
0.113744 30
0.212141 29
0.601820 31
0.077491 30
0.167829 30
0.175094 30
0.119468 30
0.078919 30
0.201738 30
0.107601 29
0.282549 30
0.069661 30
0.105818 31
0.040439 30
0.161842 30
0.184325 30
0.110377 30
0.091925 30
0.108523 29
0.658128 30
0.207405 30
0.221588 30
0.102211 31
0.099445 30
0.110691 30
0.224054 30
0.093448 30
0.187064 30
0.689848 29
0.245631 30
0.386463 30
0.076592 30
0.222516 31
0.121624 29
0.178369 30
0.086484 30
0.156586 29
0.535362 30
0.069541 30
0.142521 30
0.239962 30
0.068358 30
0.207823 31
0.107586 30
0.215518 30
0.123209 30
0.250400 30
0.151999 30
0.682228 41
2.269744 29
2.151326 38
0.057777 37
9.177180 29
0.079622 29
0.033557 29
0.153137 28
2.490101 29
2.348981 29
0.086093 29
1.061883 31
0.130911 29
4.060532 30
0.370870 30
0.065198 30
0.126814 30
0.038273 30
0.207866 30
0.086167 29
2.736228 30
0.044001 31
4.274898 30
1.189171 38
22.080692 30
0.218355 30
0.107435 30
0.103361 30
0.162333 30
0.197100 30
0.076668 30
0.207529 30
0.467413 30
0.100925 30
0.212766 30
0.169613 30
0.132602 30
0.209698 30
0.780440 30
0.193167 29
0.194948 30
0.107093 31
0.105437 30
0.041095 30
0.182118 30
0.119350 29
0.173086 30
0.193402 30
0.102116 30
0.167553 30
0.129086 29
0.238757 31
0.047712 30
0.127426 29
0.532344 30
0.061730 30
0.128386 30
0.122722 30
0.102514 30
0.246001 30
0.109757 30
0.200179 31
0.214939 30
0.222096 30
0.121899 30
2.636035 29
0.438714 29
0.023935 29
0.024082 30
0.023761 29
0.023874 29
0.023682 29
0.023853 29
0.024242 29
0.023625 29
0.023983 29
0.023924 29
0.023767 29
0.024101 30
0.023543 29
0.024520 29
0.023764 29
0.023783 29
0.024267 29
0.023929 29
0.023840 29
0.023332 29
0.024215 29
0.024312 30
0.023865 29
0.023343 29
0.024058 29
0.024195 29
0.023721 29
0.023788 29
0.024115 29
0.023308 29
0.024306 29
0.024529 30
0.023761 29
0.023265 29
0.024511 29
0.023583 29
0.023722 29
0.024297 29
0.196966 29
0.367579 71
0.357714 29
0.437841 29
0.024336 29
0.023785 29
0.024125 29
0.023827 29
0.023879 30
0.023937 29
0.023862 29
0.023839 29
0.023809 29
0.026155 29
0.021875 29
0.024317 29
0.023260 29
0.024423 29
0.022939 30
0.024457 29
0.024094 29
0.023492 29
0.024561 29
0.023115 29
0.024260 29
0.023542 29
0.023989 29
0.024286 29
0.023715 30
0.023435 29
0.024004 29
0.024134 29
0.024317 29
0.023179 29
0.024233 29
0.024181 29
0.023662 29
0.023961 29
0.024262 30
0.024108 29
0.023479 29
0.023676 29
0.024044 29
0.023245 1
0.832668 73
1.465732 37
49.562810 29
0.226445 29
0.061834 29
0.176188 73
1.936983 124
0.238621 38
0.191646 38
0.181874 38
0.190032 38
0.318814 126
2.755297 42
0.101208 18
0.000292 34
0.743912 23
0.000720 33
0.408899 1
0.056865 1
0.291441 1
0.002282 14
0.000146 14
0.016435 19
0.006042 62
0.013756 168
2.214243 1
0.095597 1
0.183913 1
0.156913 1
0.138529 1
1.024574 2
0.001960 156
24.187464 1
0.109124 1
0.287770 1
0.289173 1
0.574794 1
0.121434 1
0.320560 1
0.233814 1
0.098710 1
0.162835 1
0.708512 2
0.000474 172
6.860260 1
0.054316 1
0.202105 1
0.109374 1
0.124640 1
0.160480 2
0.024230 58
0.001125 172
2.470220 1
0.082412 1
0.182079 1
0.389746 1
0.080689 1
0.096798 1
0.918364 1
0.333902 1
0.087489 1
0.186924 1
0.076607 1
0.212677 1
0.326821 2
0.000608 192
1.793983 1
0.039337 1
0.222594 1
0.124355 1
0.151127 3
0.882347 264
0.012183 35
0.001014 192
3.946013 1
0.041039 1
0.061556 1
0.175235 1
1.927238 3
0.112990 1
0.302197 1
0.124514 1
0.150344 1
0.416883 1
0.996852 1
0.038061 1
0.047566 1
1.046337 2
0.076375 72
0.009211 60
0.044359 45
0.000426 2043
0.002416 1616
42.762304 21
0.000359 27
0.002383 113
2.049232 21
0.000207 83
0.446760 30
0.401597 36
0.328987 28
0.092992 28
0.122679 28
0.083437 28
0.449558 49
0.128212 27
1.231419 28
0.317916 28
0.178411 30
0.121431 29
0.183110 29
0.191501 28
0.265652 29
0.088299 29
0.132955 29
0.102594 29
0.097805 29
0.804219 28
1.846605 30
0.239443 29
0.290029 29
0.063225 29
0.052284 29
0.249954 29
0.370586 39
11.805999 28
0.085630 28
0.602878 47
0.241362 27
0.232310 36
0.460814 28
0.324480 28
0.129638 28
0.109559 30
0.989416 77
0.340323 67
1.717964 28
0.073618 28
0.251053 28
0.129541 28
0.499297 49
0.270850 48
25.997232 27
0.567338 27
0.189269 27
0.183688 27
0.183610 27
0.170121 27
0.183387 27
0.213963 27
0.239832 123
0.489795 48
15.033849 30
0.276645 29
0.216830 29
0.087728 29
0.244595 29
0.068875 29
0.094134 29
0.768235 28
2.263431 28
0.450357 29
0.533380 29
0.309949 29
0.128037 30
0.310413 29
0.084615 29
0.222481 29
0.372906 29
1.156396 38
0.439354 38
0.023756 38
0.024307 38
0.023981 39
0.023608 38
0.024248 38
0.023752 38
0.023480 38
0.023510 38
0.025184 38
0.023377 38
0.022867 38
0.322459 38
0.211453 37
0.740911 30
0.362065 29
0.078321 29
0.236800 29
0.230038 29
0.126403 29
0.411075 29
0.700524 29
0.144596 29
0.196443 29
0.129906 30
0.186288 29
0.428311 29
0.415629 38
0.223550 29
0.389343 38
0.150414 38
0.147830 39
0.141062 38
0.164015 38
0.208923 38
0.739352 29
0.333397 29
0.252632 29
0.126459 30
0.200759 29
0.617688 29
0.428364 38
0.190247 38
0.159868 39
0.166886 38
0.164691 38
0.219574 38
1.577680 29
0.261748 29
0.183398 29
0.138917 30
0.184718 29
0.974329 29
0.388305 29
0.107963 29
0.153416 29
0.139357 29
0.138291 29
14.723249 69
0.438932 59
1.513266 29
0.480758 29
0.222718 30
0.543600 29
0.072996 29
1.428123 55
0.271218 67
112.483888 31
1.351621 28
142.103743 73
65.238149 29
0.081079 45
1.203898 30
0.041855 29
0.076397 29
1.607101 51
1.312534 45
0.817364 51
0.073345 28
13.195839 29
0.095287 29
0.094610 29
0.101150 29
1.788402 28
1.021095 38
4.045305 37
1.374822 37
0.066780 37
0.027276 37
0.153921 37
0.218422 37
0.071586 37
0.115749 37
0.806476 37
11.686104 40
0.101045 17
0.000284 33
0.501677 22
0.000251 33
0.387822 1
0.054996 1
0.118471 1
0.000372 14
0.000087 11
0.012767 23
0.018508 33
0.000207 29
0.014650 192
1.570528 1
0.056871 1
0.299967 1
0.290488 1
0.105502 3
0.226143 1
0.359489 1
0.125441 1
0.448955 2
0.000722 156
0.917545 1
0.082545 1
0.196384 1
0.581824 1
0.201063 1
0.128057 1
1.105665 1
0.256744 1
0.181367 2
0.000872 168
2.087776 1
0.066395 1
0.089761 1
0.170156 1
6.310000 1
0.392695 1
0.099217 1
0.177487 1
0.208938 1
0.117492 1
0.100743 1
0.182299 1
0.344432 1
1.871289 1
0.334702 1
0.079764 1
0.134630 2
0.778777 72
0.046048 52
0.000551 11
0.152852 27
0.000351 18
0.013484 1355
8.378963 23
0.000387 26
0.000206 6
0.420878 1
0.097767 1
0.435070 1
0.000623 14
0.000138 14
0.009981 19
0.007678 62
0.016769 168
9.192459 1
0.105810 1
0.146372 1
0.156485 1
0.166014 2
0.000137 6
