0.162004 156
4.273941 1
1.160537 1
0.213077 1
0.509108 1
0.336208 1
0.140503 1
0.217160 1
0.188046 1
0.157503 1
0.196847 1
0.092832 1
0.048545 1
0.298746 1
1.057684 2
0.070435 249
0.001483 156
4.572645 1
0.083701 1
0.259909 1
7.892137 1
0.276678 1
0.279962 1
1.037565 1
0.714882 1
0.195700 2
0.000910 168
2.264090 1
0.023809 1
0.251062 1
0.113508 1
0.220775 1
0.283995 2
0.061830 98
0.002271 168
4.795105 1
0.059216 1
0.093206 1
0.187060 1
0.577572 1
1.000551 1
0.060653 1
0.087728 1
0.549534 1
0.338405 1
0.163477 1
0.140424 1
0.362133 2
0.631952 72
0.020110 48
0.000835 8
0.096906 27
0.000707 18
0.004087 6279
2.301681 64
0.777451 24
0.000303 44
0.318298 24
0.000327 44
0.848891 24
0.000292 40
0.438125 24
0.000302 40
0.023587 24
0.000266 40
0.024136 24
0.000431 40
0.024052 24
0.000306 40
0.031744 24
0.000716 40
0.013862 24
0.000375 40
0.023484 24
0.001752 55
0.021941 24
0.001081 50
0.032436 25
0.000329 42
0.014218 25
0.000299 42
0.023410 25
0.000275 42
0.023767 25
0.001762 62
0.022032 25
0.001914 69
0.023160 51
0.029807 50
1.389712 23
0.013900 88
0.906674 56
1.660786 40
0.306724 29
0.411618 29
0.301180 48
0.574443 75
0.336826 69
0.191501 69
0.237638 69
0.628410 47
0.386753 29
0.557166 120
2.032370 33
0.082731 33
0.063709 45
0.114292 32
3.922952 33
0.398010 76
0.719405 31
0.549945 30
0.198881 282
1.069474 33
0.292702 74
1.580047 33
0.023120 33
0.278294 33
0.162658 33
0.793720 32
0.310103 33
0.131371 33
0.018858 33
0.605029 33
0.159234 42
0.761922 32
0.398419 32
0.696168 33
0.764426 33
0.475975 41
0.398390 41
0.149129 41
0.452312 41
0.242584 41
0.177321 41
0.678146 41
0.247761 41
0.109394 41
0.221123 42
0.153514 41
0.203199 41
0.232526 41
0.057046 41
0.099681 41
0.902109 41
0.193067 41
2.792874 41
1.910215 32
0.826726 34
0.138813 33
0.238578 32
0.496063 33
0.062956 33
0.143960 33
1.010196 33
0.371012 33
0.674512 74
1.204170 33
0.063856 33
0.082302 33
0.640988 32
0.989625 33
0.130785 33
0.120587 32
0.258631 34
3.496177 33
0.955720 74
1.635771 30
0.226730 279
0.715077 29
0.286349 32
0.438759 32
0.023319 32
0.023779 32
0.024376 32
0.023630 32
0.024362 32
0.042820 32
0.010073 33
0.018174 32
0.023987 32
0.024112 32
0.023657 32
0.024353 32
0.023977 32
0.023172 1
0.313104 32
0.408762 32
0.395735 53
0.438197 53
0.023628 53
0.024138 53
0.023544 54
0.025311 53
0.030072 53
0.016494 53
0.205003 53
0.185535 53
0.173713 53
0.193425 53
0.710951 43
0.262548 43
0.134446 43
0.209569 43
0.150014 43
0.070769 43
0.184072 43
0.107715 44
0.161153 43
0.137962 43
0.175234 43
0.908246 43
0.090943 43
0.416517 32
0.305359 32
0.501022 42
1.150122 32
0.231847 33
0.138908 33
0.099375 33
0.696329 33
0.872227 33
0.365581 74
2.979381 33
0.079839 33
0.163318 33
0.008738 33
0.382183 33
0.189611 57
1.149265 32
0.798645 42
0.437912 33
3.622694 41
0.100706 18
0.000317 36
0.838729 23
0.000240 34
1.000982 1
0.087924 1
0.296475 1
0.000504 14
0.000100 10
0.025950 18
0.013526 62
0.019564 168
10.414025 1
0.679961 1
0.122285 1
0.255172 1
2.110836 1
0.192843 1
0.161759 1
0.079746 1
0.910615 1
0.339975 1
0.246418 1
0.178247 1
1.620995 1
5.072760 1
0.083078 1
0.563121 1
4.257727 1
0.286587 1
1.763519 1
0.291510 1
0.134383 1
0.085623 1
2.012253 1
1.250368 1
1.463565 2
3.646829 168
1.654170 1
0.054981 1
1.048669 1
0.066801 1
0.453706 1
0.206022 1
0.106813 1
0.107083 1
0.420226 2
0.027683 43
0.001284 168
3.742929 1
0.045459 1
0.499564 1
0.249956 1
0.088472 1
0.102070 1
0.417721 2
0.066724 12
0.003262 168
6.353439 1
0.052863 1
0.073540 1
0.511752 1
0.588258 1
0.152208 1
0.136763 1
0.073348 1
0.299749 1
0.184507 1
0.378161 1
0.202326 1
0.508619 2
0.105867 72
0.012861 48
0.000986 10
0.019974 27
0.004435 2065
0.001062 3637
4.747358 23
0.000222 32
1.684078 1
0.122492 1
1.098564 1
0.000551 14
0.000134 10
0.029529 18
0.009634 62
0.012991 168
3.471265 1
0.053180 1
0.347161 1
0.172424 1
0.227759 1
0.244202 2
0.025571 120
0.001339 168
17.951200 5
0.176356 17
0.434270 22
0.821783 10
0.494409 32
1.238866 4
0.171360 4
1.319226 2
1.111903 168
4.888304 1
0.049333 1
1.448490 4
0.203880 4
0.158458 1
0.792489 1
0.059543 1
0.221298 1
0.128491 1
0.146217 1
0.162045 2
0.024432 140
0.001653 168
3.599686 1
0.058645 1
0.988902 1
0.077217 1
0.317682 1
0.164558 1
0.048407 1
0.094555 1
0.354659 2
0.021115 18
1.867515 1
0.253959 2
0.000132 14
0.001512 168
4.874858 1
0.068405 1
0.182273 1
0.117243 1
0.144872 1
0.226504 2
0.000670 156
1.731514 1
0.076749 1
0.089397 1
0.130636 1
0.418012 1
0.287643 1
0.129709 1
0.221652 1
0.196252 1
0.331494 2
0.235711 156
1.206180 1
0.085938 1
0.074994 1
0.104629 1
1.721593 1
0.078533 1
0.093873 1
0.109619 1
0.189730 1
0.111536 1
0.336428 1
0.098434 1
0.309902 1
0.454525 1
0.315941 1
1.217132 1
0.407078 1
0.798574 1
0.141589 1
1.288142 4
0.158803 4
0.167374 4
1.283462 1
0.184699 1
0.132420 1
0.492860 1
0.133302 1
0.181191 1
0.291696 1
1.394626 1
0.153010 1
0.125979 1
0.067891 1
0.545502 1
0.656999 1
0.176331 1
0.127487 1
0.855305 1
0.416957 2
0.308408 33
0.004933 123
0.000279 116
0.001669 156
1.566108 1
0.081360 1
0.086709 1
0.079329 1
0.641419 1
1.220411 1
0.186768 1
0.087646 1
0.187678 1
0.218117 1
0.112820 1
0.105050 1
0.105677 1
0.111303 1
0.081583 1
0.210257 1
0.163208 1
0.115450 1
0.102458 1
0.093454 1
0.274954 2
0.536641 56
12.256241 2
0.461680 32
0.000621 30
0.000537 30
0.000437 30
0.000425 30
0.000438 30
0.000700 30
0.000436 30
0.000398 30
0.000426 30
0.000566 31
0.000585 70
0.000181 42
0.000401 64
0.001099 32
0.000428 64
0.001395 64
0.001154 32
0.000222 40
0.002402 28
0.000584 28
0.000594 28
0.000597 28
0.001474 28
0.001197 28
0.000881 28
0.000705 87
0.000142 39
0.309329 80
0.022474 156
3.772202 1
0.240111 1
0.203230 1
0.127215 1
0.725831 2
0.000125 6
