0.158633 168
171.677923 172
0.071881 172
0.048910 172
0.050950 172
0.007320 172
0.079510 172
0.050229 172
0.049143 172
0.005956 172
0.201752 172
0.048286 172
0.044877 172
0.042528 172
0.044042 172
0.006694 172
0.072770 172
0.043267 172
0.041802 172
0.005417 172
0.151243 172
0.038503 172
0.042503 172
0.041653 172
0.044937 172
0.130598 172
0.067892 172
0.045301 172
0.043110 172
0.044986 172
0.311904 172
2.533484 1
0.119419 1
0.129551 1
0.348331 1
1.770068 1
0.403316 1
0.674376 4
0.143446 1
0.181190 1
0.202709 1
0.246770 1
0.110471 1
0.122587 1
0.265998 1
1.082757 1
0.343527 1
0.348239 4
0.096217 1
0.452416 1
0.208254 1
1.545536 1
3.782238 1
0.040413 1
1.147869 2
0.623345 72
0.008703 66
0.180825 27
0.001356 18
0.003478 3252
1.530000 21
0.000289 83
10.938357 38
1.781845 36
0.407447 36
0.236727 36
0.140635 36
0.220010 36
0.363784 36
0.399536 38
0.975356 38
0.120399 37
0.271281 39
0.233700 37
0.110153 37
0.100390 37
0.247846 37
0.199963 37
0.198978 37
0.422398 38
0.403399 37
0.744821 37
0.214197 38
1.214023 37
0.728957 28
0.438078 29
0.023495 28
0.023984 28
0.023452 28
0.024002 28
0.024073 28
0.023610 28
0.024550 28
0.023527 28
0.023816 28
0.023852 28
0.023986 27
0.024201 27
0.023592 27
0.024338 27
0.213839 27
0.205489 27
0.429896 27
0.223698 55
0.150168 27
0.438870 27
0.024072 27
0.022926 27
0.024525 27
0.023500 27
0.023649 29
0.024272 28
0.023636 28
0.024415 28
0.023497 28
0.024318 28
0.023298 28
0.024199 28
0.023796 28
0.024206 28
0.023730 29
0.023824 28
0.024824 28
0.023604 1
0.419536 39
0.355354 36
6.586460 36
0.201164 36
0.205018 36
1.389055 36
0.408334 38
0.116075 36
0.371172 38
47.569651 36
1.234561 27
20.796603 28
1.115449 38
0.100500 16
0.000255 31
0.630784 21
0.000220 33
0.583738 1
0.125297 1
0.000133 115
1.710643 47
0.000233 6
0.522638 1
0.759748 1
0.875114 1
0.027029 28
0.000162 61
0.018157 168
2.077676 1
0.197104 1
0.217235 1
0.217578 1
0.133976 1
0.322666 2
0.028644 103
0.001733 168
4.991298 1
0.030613 1
0.049323 1
0.222849 1
2.671806 1
0.115964 1
0.509973 1
0.361138 1
1.387044 1
0.426736 1
0.274345 1
0.476155 1
0.617511 1
0.276046 1
0.140020 1
0.203089 1
0.203076 1
0.148314 1
0.088564 1
0.212705 1
0.183877 1
1.098499 1
0.593389 1
0.059477 1
0.369512 2
0.111667 72
0.010381 71
0.049667 31
0.000966 14
0.002587 3252
1.078118 21
0.000183 83
6.482191 38
0.121951 36
1.509164 38
0.252718 36
0.187540 36
0.326837 36
0.766115 36
0.307449 36
0.145362 38
0.133798 37
0.216353 37
0.210834 39
0.186187 37
0.135351 37
0.164275 37
0.208757 37
0.088394 39
0.387538 49
0.199142 38
0.187520 38
0.878283 37
0.195655 37
0.116035 37
0.075172 37
0.158332 38
0.162751 37
0.473703 39
0.302860 36
1.865851 36
0.201226 36
2.496662 36
0.340169 38
0.106409 36
0.905572 36
0.282564 38
0.235938 36
1.391493 143
3.238778 36
0.174300 36
0.197659 36
0.887652 36
0.218449 38
0.093248 36
0.740942 38
1.569193 29
0.531416 29
1.302280 36
1.257554 36
1.834816 36
0.611901 36
0.261213 145
1.179954 36
0.358421 36
3.273747 40
0.308016 37
0.259721 38
0.231230 48
0.320281 36
0.178916 36
0.461428 38
0.217699 36
1.499085 36
1.937266 28
0.557778 28
0.111406 28
1.026514 27
0.948025 28
0.202301 27
0.383697 28
0.101342 29
1.826230 29
0.204084 28
2.192103 29
0.065860 29
1.157328 28
0.225469 29
0.097797 28
0.507935 29
2.305823 30
0.280688 29
0.248190 27
0.547228 36
0.634928 38
0.072079 38
0.388980 39
0.185278 37
0.188124 37
0.096346 37
0.195451 37
0.110421 37
0.384654 39
0.179527 37
0.199291 37
0.506205 40
0.184651 37
0.119881 37
0.144167 37
0.261457 37
0.259805 37
0.173151 37
0.099449 37
0.173213 37
0.095733 37
0.792050 30
0.201989 29
0.199528 31
36.975795 37
0.459983 29
0.918115 29
0.091391 28
16.095010 29
0.080774 29
4.634963 28
0.438965 28
0.023185 28
0.024386 28
0.023905 29
0.023538 28
0.024147 28
0.023865 28
0.024139 28
0.023630 28
0.024206 28
0.024440 28
0.022894 28
0.024602 28
0.023425 28
0.023892 27
0.023902 27
0.024531 27
0.023647 27
0.023344 27
0.024071 27
0.196508 27
0.257411 27
1.199914 190
2.368897 27
0.439571 27
0.023275 27
0.023469 27
0.023795 27
0.024972 27
0.023441 27
0.023608 27
0.024814 29
0.022923 28
0.023639 28
0.024085 28
0.023889 28
0.023815 28
0.023820 28
0.024907 28
0.023141 28
0.023928 28
0.023763 29
0.023896 28
0.023926 28
0.024058 28
0.024798 28
0.022495 1
0.567590 39
1.785042 36
0.155760 36
0.142137 36
0.334529 36
1.761077 38
1.722983 36
0.995997 38
1.391759 36
3.708434 28
0.332340 28
0.048761 28
1.287021 27
1.010058 28
0.312396 27
0.283530 28
2.188572 29
0.916128 29
0.396000 28
0.965090 29
0.077263 29
0.326581 28
0.132624 29
0.182191 28
0.556319 29
2.520586 37
0.474955 29
0.106843 28
0.672899 28
0.390455 29
0.109129 28
16.647578 29
0.172769 29
0.507115 29
1.050387 39
1.414779 36
0.170168 36
0.169187 36
0.909272 36
0.979045 38
0.626938 36
0.117605 36
0.717300 38
1.168610 36
2.802226 28
0.024438 28
0.951433 28
0.904518 28
0.372960 36
0.197700 36
0.217266 27
0.757168 28
0.241259 27
0.150061 28
1.703233 27
0.565703 30
0.311471 28
0.809282 29
0.077919 29
0.374526 28
0.820987 29
28.190718 28
2.878692 29
1.646018 37
1.964634 28
0.052493 30
0.093295 28
25.411379 29
1.906440 41
1.319294 37
0.165350 37
0.146860 37
1.580613 37
1.222572 39
0.075854 37
0.366401 40
2.354303 29
0.350462 29
0.056879 29
0.867085 28
0.140133 29
0.107697 28
0.315853 29
0.154902 29
0.617480 38
0.366330 28
2.457983 31
0.264460 29
0.200979 30
0.072350 30
2.053605 29
0.849974 30
0.205957 29
0.533867 30
7.663153 29
0.347899 30
2.532059 40
0.253746 29
1.361525 38
0.426236 29
0.237775 31
0.365843 29
114.280359 30
0.028118 30
0.783046 41
0.132650 38
2.627149 37
0.104549 37
0.712631 37
0.952220 39
0.062539 37
0.186967 37
13.951638 38
1.321943 37
0.596094 37
0.627571 37
2.317638 41
0.053079 38
0.524386 40
0.277785 38
0.147027 38
0.360341 38
0.311958 38
0.315118 38
0.450231 40
0.073019 38
0.281826 38
0.697633 40
0.270884 39
0.179508 38
0.199394 38
0.227753 40
0.202159 38
0.087087 38
0.220588 38
0.289302 38
0.102305 38
0.310953 38
0.920949 41
13.267547 29
0.170329 28
5.419598 46
0.181450 29
1.114551 29
34.009733 29
0.746675 38
5.789499 28
0.181085 28
0.163367 28
1.723910 32
0.146425 32
0.736756 28
0.181741 28
0.179060 28
1.510382 29
0.134592 31
2.452167 30
0.753754 29
0.798193 30
0.281527 30
0.087211 30
0.609844 30
0.065916 30
0.289977 30
0.100423 29
0.349430 31
0.082303 30
0.130494 30
0.141939 30
0.178062 30
0.255318 30
0.086445 30
0.132055 30
0.133998 30
0.193263 29
1.019236 31
0.155900 30
0.220453 30
0.124790 30
0.122167 30
0.186629 29
1.702484 30
0.103546 30
0.097656 30
0.155815 30
0.189110 31
0.193090 30
0.071849 30
0.254060 30
0.153947 30
0.297599 30
0.114790 29
0.158434 30
0.113656 30
0.133287 30
0.056902 30
1.737600 30
0.278397 30
0.062631 30
0.198572 30
0.121143 30
0.062153 29
0.199382 30
0.114532 30
0.080860 29
0.177341 31
0.137719 29
1.907852 30
0.192556 30
0.189319 30
0.129156 30
0.133588 30
0.107751 30
0.208777 29
0.510423 30
0.102796 31
0.195172 30
0.120717 30
0.131290 30
0.112153 30
0.285885 30
0.099273 30
0.080957 30
3.190187 29
1.514266 30
0.061467 31
1.034091 41
1.103641 29
0.073390 28
0.891796 46
0.143130 29
1.241697 29
0.748085 29
0.131598 29
0.470436 29
0.132582 31
1.337172 30
0.741886 29
0.486934 30
0.624863 40
0.661675 30
0.218021 30
0.087720 30
0.397095 30
0.592387 30
0.142153 30
0.517579 30
0.352573 30
1.184412 30
0.108316 30
0.348413 30
0.155147 30
0.197970 30
0.112571 30
0.131415 30
0.099713 30
0.126573 30
0.129594 30
0.335186 30
0.128375 30
0.134612 30
0.123282 30
0.104560 30
0.200770 29
0.175720 30
0.107628 30
0.131497 30
0.151619 31
0.253263 30
0.201485 30
0.094959 30
0.089990 30
0.130388 30
0.229273 30
0.300863 29
0.247422 30
0.270612 30
0.059145 31
0.205964 29
0.372646 30
0.299855 30
0.152782 30
0.216373 30
0.152265 30
0.150201 29
0.179985 30
0.013422 30
0.218632 30
0.404339 30
0.156674 29
0.808398 30
0.210782 30
0.655140 30
0.375602 30
0.154439 30
0.227964 29
0.296287 30
0.108924 31
0.229982 30
0.087039 30
0.207224 30
0.057097 30
0.202522 30
0.121235 30
0.137697 30
0.181811 29
0.190758 30
0.109994 31
0.795264 41
0.158086 31
0.703354 30
0.285053 29
0.286926 30
0.257430 30
0.093112 30
0.259692 30
0.077140 30
0.513288 41
0.166499 38
3.156656 37
0.182532 37
0.207367 37
33.794567 39
0.317032 37
0.702773 37
0.093933 37
0.893422 37
0.328073 41
0.081511 38
0.456626 40
0.300363 38
0.232420 38
0.089895 38
0.138954 38
0.076391 38
0.225783 38
0.085164 38
0.348412 39
1.215413 40
0.305148 38
0.403119 38
0.106977 38
0.126152 38
0.254742 38
0.125350 38
0.058388 38
0.162409 38
0.086656 39
0.097916 38
1.417578 41
3.086906 29
0.052056 28
4.675996 54
0.925637 29
0.236709 29
1.122947 28
0.751433 29
0.546440 29
0.183411 31
0.217591 30
0.101242 30
0.384194 60
0.841239 41
2.591233 60
1.332041 51
0.360584 29
2.108764 30
0.197890 30
0.265756 30
0.139193 30
0.055635 31
0.143090 30
0.326487 30
0.521998 29
0.125152 30
0.045864 29
0.516328 30
0.366447 30
0.139629 30
0.162969 30
0.158638 31
0.232406 30
0.064072 30
0.221559 29
1.382247 30
0.265040 30
0.073603 30
0.192100 30
0.076932 30
0.103046 29
8.747886 29
0.732143 30
0.606337 30
1.764450 30
4.077911 30
1.862867 30
1.332405 40
0.636594 40
1.030387 30
0.122679 29
0.269912 31
0.100898 30
0.113659 30
0.219531 30
0.182294 30
0.011179 29
0.155446 30
0.157879 30
0.182778 29
0.150506 30
0.076809 31
0.173012 30
0.245062 30
0.133167 30
0.127387 30
0.115693 30
0.095438 29
0.313634 30
0.093318 30
0.139983 30
0.073665 30
1.814285 30
0.137226 40
0.138078 40
0.126439 40
0.126738 29
0.393190 29
0.530953 30
0.181447 30
0.227329 30
0.071651 31
0.172333 29
0.136312 30
0.035735 30
0.094243 29
0.149487 30
0.067212 30
0.151579 30
0.123754 30
0.098511 30
0.222400 31
0.063117 30
0.195963 30
0.116145 30
0.203537 30
0.104950 30
0.749380 41
6.060688 29
0.043228 28
3.227237 54
1.478587 29
0.345538 29
0.303404 29
0.111845 29
2.372243 28
0.104625 31
0.186473 29
3.208690 30
0.469050 30
0.304154 30
0.112512 30
0.378401 29
1.577839 30
0.317767 29
0.172585 30
0.224219 31
0.231633 30
0.080773 30
0.329552 30
0.606255 40
0.343623 30
0.111723 29
1.945245 29
3.706051 38
0.379969 29
0.582007 30
0.159323 30
0.204327 30
0.060467 30
0.214337 30
1.093644 30
3.261560 40
2.265310 30
0.044929 30
0.132203 29
0.111182 30
0.182652 30
0.184139 30
0.137933 30
0.159061 30
0.120796 30
0.163091 31
0.186277 30
0.288470 29
0.400355 30
0.521721 30
0.094153 30
0.112381 29
0.467443 30
0.265676 30
0.094431 30
0.199296 31
0.078351 30
0.086460 29
0.179833 30
0.011584 30
0.147834 29
0.090863 30
0.079857 30
0.131157 30
0.053299 29
0.214515 31
0.071242 30
0.145188 30
0.229459 29
0.184409 30
0.040620 30
0.180846 29
0.486975 30
0.145036 30
0.411701 30
0.106588 31
0.326663 29
0.355727 30
0.192783 30
0.128821 30
0.761416 29
0.642640 30
0.187317 30
0.222483 30
0.094383 30
0.645151 29
0.438147 29
0.025517 29
0.022083 29
0.024484 29
0.023969 29
0.023472 29
0.023623 29
0.024661 29
0.023504 30
0.023642 29
0.024507 29
0.623525 53
0.717747 42
0.046422 29
0.437077 29
0.023959 30
0.023873 29
0.025138 29
0.022955 29
0.023549 29
0.024088 29
0.023959 29
0.499369 44
0.602896 33
0.482395 29
0.691614 42
1.376236 29
0.034976 28
1.215146 54
0.059972 28
0.407681 28
2.455984 29
0.205270 29
0.205252 29
0.110644 29
0.271913 28
0.811666 31
0.249582 29
0.576094 30
0.494719 30
0.208347 30
0.089684 30
0.442001 29
1.042975 30
0.189211 29
0.206469 30
0.191664 31
0.180153 30
0.082007 30
2.476072 30
2.032253 38
1.146922 29
1.606892 30
0.040773 30
0.178273 30
0.077544 30
0.107746 31
0.050847 30
0.171205 29
0.735074 29
0.096379 30
3.810722 29
0.254938 30
0.098484 30
0.099785 30
0.063800 29
0.266643 30
0.149325 30
0.114476 31
0.215705 30
0.583705 40
0.174024 30
0.485196 40
0.194717 30
0.150287 30
0.132190 30
0.336619 30
0.693405 40
0.362564 40
3.497840 40
0.172699 40
0.440276 41
0.023226 40
0.022620 40
0.023919 29
0.024431 40
0.023597 40
1.111321 30
0.085914 30
0.093812 29
0.164427 30
0.125348 30
0.208127 31
0.192835 29
0.180375 30
0.037803 30
0.223105 29
1.087298 30
0.169528 30
0.232026 30
0.087591 30
0.180176 29
0.043993 31
0.138925 30
0.055246 30
0.140651 29
0.094987 30
0.094126 30
0.091801 30
0.081955 29
0.256376 30
0.055050 30
0.195757 31
0.231264 30
0.210654 30
0.137082 30
0.197564 30
0.154805 29
0.476628 29
0.197453 40
0.019121 30
0.675763 29
1.876379 30
0.420543 30
0.110892 29
2.245491 30
0.364830 31
0.299750 30
0.422456 40
0.209253 30
0.141766 30
0.211836 29
0.132412 30
0.114601 30
0.195587 30
0.007890 30
0.030951 29
0.459117 29
0.159406 40
0.129763 40
0.083516 30
0.655526 29
0.262973 30
0.312970 40
0.071030 30
0.179177 30
0.186645 31
0.070570 30
1.135878 18
0.000305 24
0.100626 18
0.000404 34
0.455639 23
0.000237 33
0.210673 1
0.075712 1
0.256639 1
0.019655 14
0.000195 22
0.017312 24
0.007783 62
0.018407 168
1.825785 1
0.025491 1
0.067654 1
0.186436 1
2.457331 1
0.087279 1
0.090686 1
1.365255 1
1.177764 1
2.640326 1
0.349972 1
0.060886 1
0.123775 1
0.114199 1
0.307895 1
0.761447 1
0.220084 1
0.121807 1
3.862576 2
0.113319 72
0.009392 65
0.113408 31
0.000275 14
0.002251 3252
4.131899 21
0.000198 83
2.881344 30
0.173750 28
0.061352 28
0.142537 28
0.050317 28
0.225061 28
0.085625 28
0.096816 28
0.760378 47
0.274572 29
0.089159 29
0.081613 29
0.182907 29
0.096910 29
0.202173 29
0.209239 29
0.132427 29
1.681229 52
0.844206 39
1.177410 28
0.121131 28
0.078522 28
0.119378 28
0.198758 47
0.143829 27
0.151283 28
0.054986 28
0.134862 30
0.073709 29
0.229990 29
0.091426 29
0.188822 29
0.226606 29
0.146335 51
0.288357 28
0.114145 29
0.230023 29
0.277011 30
0.283162 29
0.520256 38
0.554660 29
0.236622 39
0.713113 28
0.081512 28
0.099711 39
0.091672 27
0.237171 28
0.361349 36
0.345112 28
0.079674 28
0.250452 28
0.102777 28
1.353404 30
0.057472 42
0.428723 32
0.942500 42
0.320451 34
0.065766 42
0.327411 28
0.295044 72
0.161720 68
0.591450 40
0.190862 29
5.764595 32
0.079424 32
0.091003 32
0.160911 32
0.289931 31
0.409499 32
0.136141 32
0.086681 32
0.604869 40
1.302110 40
0.171394 40
0.107203 40
0.237161 40
0.149610 40
0.461671 40
0.294788 40
4.557192 40
0.692003 41
0.275581 40
0.180142 41
0.262545 40
0.247557 40
0.144211 40
0.333713 40
0.157454 40
0.074652 40
0.519081 40
0.120932 40
0.155287 40
0.250518 41
0.070742 40
0.087818 40
2.097543 40
0.210658 31
0.324605 32
0.131114 32
0.076953 31
0.214723 32
0.052026 32
0.155608 33
0.078971 32
0.786944 32
0.360574 55
0.012148 47
0.451809 56
0.426454 118
2.086565 32
0.033131 32
0.085183 32
0.542099 41
0.184200 41
0.129182 39
0.869119 32
0.073806 32
0.049569 44
0.111833 31
2.155394 32
0.222239 32
0.064970 32
0.222209 33
0.061094 32
0.615153 28
0.422308 28
0.671038 32
0.671059 28
0.196875 31
0.514485 32
0.312054 31
0.282775 32
0.215456 31
0.266104 31
1.548578 37
0.883392 47
2.281363 40
0.101217 17
0.000414 35
0.484472 22
0.000270 42
1.089030 22
0.003803 138
0.910525 29
0.649225 29
26.873279 32
0.073500 32
0.083969 32
0.108548 31
0.301065 32
0.146376 32
0.091138 31
0.732848 33
0.169738 32
0.099328 32
0.230284 32
0.096435 32
1.108182 32
0.052980 72
14.718698 32
0.090809 32
0.247189 44
0.175734 31
0.089106 32
0.189435 32
0.121312 32
0.117628 33
0.283555 31
0.160106 32
0.102776 31
0.835850 32
0.191224 32
0.103892 32
0.264059 32
0.084330 32
0.393660 32
0.175607 72
0.898811 32
0.116621 32
0.065658 32
0.211844 32
0.093600 54
0.205717 31
0.623640 32
0.133571 33
0.079479 32
0.102525 32
6.423633 57
0.515207 49
0.285750 28
0.504347 31
0.438445 31
0.023921 31
0.023942 31
0.023975 31
0.024411 31
0.023168 31
0.024248 1
0.369270 72
0.874169 32
0.073767 32
0.081853 44
0.105548 31
0.351754 32
0.089901 32
0.165100 32
0.095295 33
0.188484 32
0.309766 32
0.247472 31
0.164223 32
0.143695 31
0.405539 40
0.978589 32
0.394535 34
0.525579 41
0.254255 41
0.149382 42
0.182993 41
0.820806 32
0.521748 41
0.155444 31
0.818963 32
0.470047 32
0.085521 33
0.046936 32
0.099923 32
0.186847 31
0.265911 32
0.155712 31
0.189216 40
0.735515 54
1.536168 58
0.045463 46
0.278368 31
0.229421 102
0.121690 105
0.243476 47
0.059123 53
0.128227 75
0.864109 67
0.509231 44
0.241027 32
2.531987 33
0.836263 43
7.215999 33
0.108606 33
0.076022 33
0.079617 33
0.382435 32
0.717594 33
0.470742 34
0.120350 32
0.419916 41
0.064321 41
0.471724 33
0.356630 78
0.340357 32
0.361818 32
3.777947 33
0.112239 33
0.135947 33
0.073385 33
0.145178 33
0.660511 33
0.929008 34
0.110170 33
1.726077 33
1.020692 60
0.279043 92
0.769284 33
0.068449 33
0.116807 51
0.495120 33
0.450201 33
0.079054 33
0.084603 45
0.067173 33
0.143611 33
0.281470 32
0.151404 33
0.279519 32
0.218983 41
0.252769 32
0.505707 32
2.436073 33
0.148661 32
1.758854 33
0.190131 32
0.361971 34
0.195631 32
7.649977 32
0.225531 33
0.227013 32
0.175848 32
0.152526 32
0.161917 32
0.371932 39
1.988064 46
6.364689 32
9.655825 32
0.499464 39
2.366112 38
0.111303 38
0.149504 38
0.097161 38
0.183081 38
0.463308 39
3.889704 38
0.061812 38
0.171991 38
0.949193 46
0.286998 32
0.221324 32
0.266670 32
0.502293 32
0.191240 32
0.220655 33
0.611070 33
0.410930 34
1.521761 33
0.492982 34
0.967833 32
0.094129 41
0.706024 33
0.197535 32
0.409805 33
0.575101 33
0.144520 33
0.990263 57
0.987026 58
0.155186 34
0.181943 34
0.668951 33
0.162335 33
0.483665 57
0.949460 58
0.192191 34
0.186856 34
0.836744 33
0.103545 33
0.414468 57
0.525294 61
0.019928 48
0.391027 33
0.260432 103
0.127873 105
0.403712 72
0.010206 69
0.282893 45
0.324745 32
8.863053 33
0.076259 33
0.056905 45
0.109775 32
0.355564 33
0.083782 33
0.131115 34
0.067081 33
0.119557 33
1.705096 32
0.478318 60
0.869625 92
1.040183 33
0.105620 33
0.094231 45
0.121875 32
1.017579 33
0.045189 33
0.137236 33
0.532989 34
0.100019 32
0.751696 33
0.099397 33
0.116109 33
0.046944 33
0.119587 33
0.393303 29
0.707453 29
0.743089 33
0.454936 29
0.217522 32
0.199079 35
0.471347 35
0.784626 33
0.171911 32
0.192014 32
0.464744 55
0.186409 49
0.155281 49
0.189580 49
0.184267 54
0.622774 45
0.418484 32
0.176129 32
0.168437 32
0.152840 32
0.166308 32
0.332725 35
0.363259 29
0.202679 60
0.217934 50
0.524488 29
0.168417 31
0.194104 28
0.214210 28
0.583627 28
0.378168 31
0.438197 31
0.024974 31
0.023590 31
0.023130 31
0.024274 32
0.215020 31
0.217326 31
0.772605 60
0.627557 50
0.106620 50
0.182488 50
0.408981 51
0.214145 28
0.191780 32
0.152023 29
0.707076 32
0.363459 52
0.853725 41
0.094720 41
0.187213 41
0.346658 41
0.650384 59
0.168596 51
0.174143 29
0.184536 35
0.364589 35
0.488020 32
0.363806 84
0.597189 73
0.097272 73
0.176045 73
0.320851 73
0.276358 35
0.931414 32
0.064753 34
0.066589 32
4.601242 33
0.209417 33
0.076245 33
0.202360 33
0.044970 33
0.465812 32
1.212047 33
0.473806 43
6.000920 33
1.086711 32
1.018149 34
7.652188 41
0.040994 41
0.618560 32
0.589005 33
0.407188 32
0.545840 33
0.382715 56
1.027991 47
1.018812 78
20.500150 32
1.016945 32
2.251193 33
1.232900 43
179.260764 29
0.439502 35
0.022956 29
0.025736 60
0.023199 50
0.022652 29
0.024152 31
0.023796 28
0.023943 28
0.023858 28
0.024031 28
0.024066 28
0.029136 59
0.021975 41
0.020302 28
0.024157 1
0.472065 28
0.198421 28
0.345842 71
1.947035 61
1.568312 28
0.443008 56
0.023106 44
0.020609 28
0.023668 28
0.023738 28
0.345142 28
0.193339 36
0.166345 35
0.168199 29
0.173942 60
0.186086 52
0.457256 32
0.438473 32
0.255386 32
0.198301 32
0.186201 32
0.962980 34
0.142125 34
0.500127 34
0.145964 35
0.323456 34
0.121193 34
0.155235 34
0.155834 34
0.219778 34
0.294035 34
0.121941 34
1.050580 29
0.160023 55
2.783234 42
0.101264 18
0.001828 39
0.481946 23
0.000801 58
3.131394 23
0.000277 93
0.262340 1
0.488808 78
3.479492 29
0.500164 33
0.202272 34
0.359715 35
0.331877 32
0.440459 32
0.022212 32
0.023814 32
0.023942 32
0.024344 32
0.023641 32
0.024025 32
0.023966 32
0.023859 33
0.023516 32
0.024266 32
0.027128 32
0.020301 32
0.024632 32
0.023727 32
0.023548 32
0.024209 32
0.023860 32
0.023677 33
0.023855 32
0.024163 32
0.023922 32
0.024002 32
0.024043 32
0.023566 32
0.023967 32
0.023806 32
0.024301 32
0.025523 57
0.025023 65
0.023133 32
0.021533 1
0.462663 134
2.947268 33
0.152444 33
0.837315 33
0.415299 33
0.153450 33
0.159691 33
0.205553 34
0.286750 33
0.140572 33
0.802717 32
0.164990 33
0.423342 32
6.733941 41
0.092216 41
1.325494 43
0.063675 41
0.185289 43
0.379548 43
1.920722 33
0.041478 33
0.025699 33
0.461811 33
3.112563 42
0.055496 41
0.303212 33
0.114823 32
1.334333 33
6.180186 56
0.358835 47
0.737155 52
0.498937 32
0.197574 46
0.428486 55
0.742893 68
0.438071 45
0.023765 45
0.023821 45
0.025504 45
0.022201 45
0.025309 45
0.022731 46
0.313999 45
0.711029 34
0.746083 35
0.093399 34
0.295657 34
0.117851 34
0.111686 34
0.165280 34
0.158603 34
0.268893 34
0.118690 34
0.668732 32
0.465658 78
0.968477 33
0.080910 33
0.245967 33
0.340823 32
0.376409 33
0.361653 33
0.713500 33
1.330446 33
0.102635 33
0.118745 33
0.086951 33
0.124203 33
0.951870 29
0.219151 29
0.161872 32
0.160040 29
0.235947 61
0.404976 52
0.320003 32
0.438565 32
0.023983 33
0.023766 32
0.023754 32
0.024200 32
0.023950 32
0.023850 32
0.023734 32
0.024113 32
0.023541 32
0.024475 32
0.023942 33
0.994155 53
0.059680 52
0.121045 52
0.231521 60
1.124623 29
0.638169 35
0.282653 29
0.285320 32
0.202184 29
0.227773 33
0.095018 1
0.594557 34
0.261557 32
0.304522 32
0.181125 33
0.438702 32
0.023820 32
0.023800 32
0.023979 32
0.024173 32
0.023459 1
0.750365 33
0.409977 34
0.312534 30
0.304137 32
7.425482 29
0.438419 29
0.024019 29
0.187158 35
0.169755 29
0.179100 61
0.650414 93
1.025279 33
0.145229 33
0.062043 33
0.144796 33
0.328091 32
0.139447 33
0.101842 32
0.778399 34
0.263239 33
0.085056 33
0.268002 33
0.093105 33
0.773224 43
0.159467 43
0.154099 43
0.195596 43
0.240688 44
0.167146 32
0.155737 43
0.161487 32
0.166376 43
0.167703 43
0.166872 43
1.257432 41
0.193433 33
0.117806 33
0.166401 33
0.649237 43
0.397018 33
0.127835 33
0.608406 32
0.119768 33
0.131671 32
0.666947 34
0.198732 33
0.076310 33
0.205640 33
0.030725 33
0.735211 33
30.637816 29
0.192620 29
0.156171 35
0.273280 32
0.225929 29
0.140539 33
0.438854 32
0.023890 32
0.023936 32
0.024166 32
0.023663 32
0.141452 32
1.432550 57
0.173199 57
0.155439 57
0.164362 57
0.400913 57
0.317594 46
0.106746 46
0.156636 46
0.044837 46
0.636713 29
0.118432 32
0.622025 29
0.009211 29
0.321677 36
1.644384 33
0.084180 33
0.124623 33
0.077524 33
1.740813 32
0.257535 33
0.299943 34
1.286045 32
1.558272 33
0.073043 33
0.271155 33
0.284701 33
0.158663 33
0.252155 33
0.182524 33
0.209960 33
0.134488 34
0.327294 32
0.330575 33
0.225824 32
0.235893 33
0.079562 33
0.164297 33
0.065729 33
0.134673 33
0.354975 33
0.988186 35
1.587654 31
0.250891 30
0.214680 237
2.394281 35
1.194754 58
0.420160 92
1.820242 28
0.248021 28
0.185744 28
0.180888 28
0.194441 28
0.209541 28
0.249724 28
0.310237 223
0.448105 90
2.024123 30
1.607655 33
0.108538 33
0.086530 33
0.070095 33
0.348690 32
0.498193 33
0.114491 33
0.132485 33
1.764402 48
0.801992 41
0.285346 41
0.104299 41
0.467366 32
0.205686 41
0.109777 41
0.192269 49
0.146270 41
0.125892 42
0.160096 41
0.156575 41
0.391983 41
0.206825 32
0.648687 42
0.957694 32
0.529326 33
0.133663 33
0.252743 32
0.437998 34
0.249178 33
0.079800 33
0.268236 33
0.106528 33
0.852110 32
0.284965 33
0.111953 33
0.575967 32
0.679721 33
0.446650 34
0.082472 33
0.172513 33
1.144114 33
0.092141 75
0.254068 30
0.646925 33
0.079926 33
0.126693 33
0.282905 33
0.355479 32
0.529931 33
0.127260 33
0.212810 33
0.666232 48
0.420749 41
0.346104 41
0.088338 41
0.108132 32
0.835739 41
0.122300 41
0.795173 49
0.506479 32
0.810213 42
0.077684 41
0.116892 32
0.116337 41
0.059170 41
0.178989 41
0.079208 52
0.205679 41
0.147528 41
0.210459 41
0.273348 42
0.409394 43
0.280196 42
0.096515 41
0.139104 41
0.308888 41
1.221670 52
0.385653 41
0.095379 41
0.132687 41
0.097454 41
0.084555 41
0.297091 42
0.302838 32
0.287254 49
0.102876 41
0.795863 41
0.286839 32
0.451869 45
0.554249 32
0.367461 33
0.134380 33
0.282002 33
0.614554 33
0.091106 33
0.123621 33
0.719937 33
1.311048 42
0.100361 18
0.000227 39
0.249633 23
0.001680 27
0.000189 6
0.195202 1
0.079460 1
0.214224 1
0.002108 14
0.000088 16
0.023900 24
0.007397 62
0.019775 168
1.366829 1
0.683888 1
0.100580 1
0.297875 1
8.320011 1
0.130459 1
0.342102 1
0.480443 1
0.445125 1
0.174802 1
0.567039 1
0.416914 4
0.178376 4
0.831733 1
0.263347 1
0.149160 1
0.107757 1
0.220217 1
0.267380 1
1.148392 1
0.198334 1
0.147237 1
0.364019 1
0.308680 1
0.150769 1
0.985143 1
0.482681 1
0.239088 1
0.384534 1
0.136197 1
0.142962 1
0.092356 1
0.129895 1
0.239547 1
0.391436 2
0.049693 83
0.006111 168
12.161335 30
0.331639 1
0.439002 1
0.023655 1
0.024021 1
0.023690 1
0.024382 1
0.023754 1
0.023605 1
0.024058 1
0.023757 1
0.024064 1
0.023837 1
0.024354 1
0.024070 1
0.023667 1
0.024688 1
0.023750 1
0.023960 1
0.024262 1
0.024416 1
0.023387 1
0.023687 1
0.166430 1
0.223102 1
0.186529 1
0.373055 1
2.652375 3
0.960334 3
0.439432 3
0.023522 3
0.024059 3
0.024087 3
0.023493 3
0.024148 3
0.023801 3
0.023860 3
0.024577 3
0.023788 3
0.023894 3
0.023415 3
0.023949 3
0.228328 3
0.925412 1
1.825116 23
0.359933 23
0.340751 23
0.937932 2
3.294735 168
2.499751 1
0.014104 1
1.515735 1
0.080893 1
0.386006 1
0.367392 1
0.395774 4
0.275997 1
0.242388 1
0.491692 1
0.167262 1
0.139470 1
0.098642 1
0.103948 1
0.249302 1
0.749270 2
0.037736 23
1.203491 1
0.249567 1
0.235126 1
0.238604 1
0.420426 2
0.002882 56
0.001928 168
8.077402 13
0.192582 46
2.559574 29
0.926740 53
0.720874 34
1.275068 38
0.598827 2
0.121472 72
0.008595 54
0.001480 10
0.015806 45
0.006418 1444
1.069580 25
0.000233 48
0.228987 25
0.003075 72
0.205111 24
0.002436 65
0.433924 25
0.000319 49
2.393917 25
0.000222 49
0.394662 25
0.003228 72
0.169897 24
0.002330 65
0.466086 25
0.000297 48
1.057303 23
0.000247 93
1.083957 34
0.322002 34
0.121386 34
0.238374 34
0.185220 34
0.062524 34
0.325400 35
0.283184 34
0.765047 35
0.228399 61
0.176265 52
0.373531 36
0.442889 36
0.753907 78
0.868865 33
0.150550 33
0.070705 33
0.399955 33
0.266457 32
0.698049 33
0.099322 34
0.135954 32
5.658884 33
0.154836 33
0.124390 33
0.111115 33
0.195190 33
0.750617 32
0.468372 33
0.136612 33
0.544046 33
0.641961 41
0.199627 41
0.399862 41
0.294947 32
0.727806 33
0.123300 33
0.216324 32
0.121470 33
0.130912 33
0.163343 34
1.093853 33
4.931570 32
0.933389 34
1.019741 34
0.117410 34
0.134936 34
0.459463 42
0.375463 42
0.379704 42
0.154042 34
1.239587 34
0.125670 35
1.126221 46
0.521195 45
0.876837 34
0.111229 35
0.194813 34
0.223045 34
0.112922 34
0.210665 34
0.123922 34
0.130641 34
0.143380 34
0.143545 34
0.237492 34
0.111662 35
1.643317 34
1.077960 34
0.110216 34
0.136083 34
0.688526 42
0.149362 42
0.634916 42
0.218606 34
1.084239 34
0.090851 35
0.542241 34
0.112896 34
0.136513 34
0.077641 34
0.169770 34
0.559365 34
0.376722 34
0.127372 34
0.092811 34
0.201342 35
0.101905 34
0.146067 34
0.104503 34
1.070150 42
0.100440 18
0.000298 39
0.292632 50
0.000230 6
0.199337 1
0.084168 1
0.078910 1
0.000338 14
0.000116 16
0.018390 18
0.006587 62
0.011704 168
0.463575 18
0.216479 35
0.328015 46
0.723874 2
0.897088 168
0.414259 33
0.209103 56
0.622555 35
1.099830 2
0.019034 23
1.442707 1
0.845582 1
0.265143 1
0.202414 1
0.408690 2
0.000180 137
0.001863 168
20.905780 13
0.434098 46
0.937827 56
0.543466 2
0.076561 72
0.005803 54
0.004735 10
0.010983 27
0.000330 18
0.007202 1440
0.849792 25
0.003774 72
0.494448 24
0.003645 65
19.232440 25
0.003491 72
0.202128 24
0.002572 65
0.175893 25
0.000205 48
0.434461 25
0.000250 49
0.204084 25
0.000223 48
0.184365 25
0.000339 48
0.301736 25
0.003577 66
0.712905 25
0.003532 78
0.308737 25
0.001156 61
0.437938 25
0.000304 45
0.024140 25
0.000230 45
0.022748 25
0.000258 45
0.023921 25
0.000240 45
0.023632 25
0.000294 45
0.023458 25
0.000273 45
0.023608 25
0.000266 45
0.023834 25
0.000438 45
0.184677 25
0.000279 45
0.184157 25
0.000281 46
0.179280 25
0.000243 45
0.169320 25
0.000282 45
0.874443 25
0.000224 45
0.783049 25
0.000255 45
2.323395 25
0.000310 45
0.678813 25
0.000216 45
0.426182 25
0.000293 45
0.809285 25
0.000242 45
0.256490 25
0.000238 45
1.931454 23
0.000330 93
0.070847 58
0.790505 77
0.439629 67
0.024098 67
0.023915 67
0.023551 67
0.024488 67
0.023850 67
0.023554 67
0.023980 68
0.023918 67
0.024641 67
0.023074 67
0.025995 67
0.023722 67
1.172575 64
0.464160 32
0.438086 32
0.024263 32
0.155855 32
0.172280 33
0.334859 32
0.186029 32
0.307255 32
0.357526 51
0.219635 51
0.157078 51
0.163222 52
1.493515 41
0.226259 40
0.500667 40
0.156008 40
0.257329 40
0.835158 40
0.326343 40
0.369862 40
0.182223 40
0.147462 40
0.379559 41
3.727254 32
0.708675 52
0.273717 32
0.693261 46
0.269166 29
0.775940 43
0.439884 43
0.026633 44
0.021941 43
0.022869 43
0.025026 43
0.023165 43
0.023758 43
0.023851 43
0.025039 43
0.022966 32
0.023525 43
1.058224 33
0.562279 29
0.237306 32
0.436692 32
0.439053 32
0.023775 32
0.026004 48
0.023582 32
0.023247 40
0.023159 32
0.023869 32
0.023793 32
0.386831 52
0.248510 32
0.637463 46
1.495972 42
0.100951 18
0.000282 39
0.518495 23
0.000179 6
0.130163 23
0.002347 212
1.388776 25
0.000258 45
1.080256 25
0.000230 45
0.605559 25
0.000220 45
0.438487 25
0.000229 45
0.023799 25
0.000195 45
0.024152 25
0.000311 45
0.023494 25
0.000270 45
0.024865 25
0.000200 45
0.023014 25
0.000516 46
0.022976 25
0.000281 45
0.023482 25
0.000264 45
0.023274 25
0.000202 45
0.024984 25
0.000315 45
0.022407 25
0.000210 45
0.420699 25
0.000214 45
0.451329 25
0.000275 45
0.297741 25
0.000240 45
0.438661 25
0.000219 45
0.023605 25
0.000267 46
0.023401 25
0.000246 45
0.023967 25
0.002020 45
0.021677 25
0.000280 45
0.023508 25
0.000219 45
0.023796 25
0.000261 45
0.025437 25
0.000352 45
0.021995 25
0.000271 45
0.023451 51
1.403645 25
0.000207 48
0.668721 25
0.000350 48
0.077576 25
0.000432 48
0.362041 25
0.000283 48
0.555943 25
0.000213 45
0.438557 25
0.000301 45
0.023575 25
0.000250 45
0.023656 25
0.000306 45
0.023618 25
0.000290 45
0.242830 25
0.000259 45
0.170061 25
0.000232 45
0.158717 25
0.000394 46
0.148815 25
0.000262 45
0.166500 25
0.000230 45
0.420392 25
0.000228 45
1.127443 29
0.410717 25
0.000816 46
1.547006 23
0.000186 93
1.069137 34
0.023692 43
1.162310 46
0.195294 45
0.875140 42
0.044069 43
0.565041 35
2.961953 35
17.087043 54
0.692232 33
0.438296 32
0.024103 32
0.024002 32
0.023868 32
0.024428 32
0.023864 32
0.206765 32
0.431355 45
0.439136 45
0.023130 45
0.023931 45
0.024065 45
0.023762 45
0.024503 45
0.023450 46
0.023931 45
0.023803 45
0.024101 45
0.023536 45
0.024493 45
0.170791 45
0.180538 45
0.151084 45
0.169966 45
0.168440 46
0.166744 45
0.941530 34
0.335956 35
0.237445 34
1.376726 42
0.054410 42
2.786549 30
0.321020 32
0.438642 32
0.024095 32
0.023460 32
0.023989 32
0.024105 32
0.023757 33
0.023793 32
0.024296 32
0.024131 32
0.023431 32
0.024351 32
0.023538 32
0.023786 32
0.023884 32
0.152623 32
0.205916 33
0.185441 32
3.114301 42
0.101075 18
0.000196 39
0.766035 25
0.000204 45
1.223084 29
0.542145 23
0.000971 55
1.203696 23
0.000208 93
0.259858 32
0.609724 33
0.099797 33
0.162610 32
0.156325 33
0.078905 33
0.152468 33
0.147647 33
0.764414 33
0.274813 42
0.100442 18
0.000231 39
0.262663 50
0.000227 6
0.159961 1
0.079787 1
0.118862 1
0.000367 14
0.000088 16
0.016040 18
0.006927 62
0.012109 168
0.924927 18
0.194626 35
0.159111 46
0.625630 2
0.915933 168
0.401202 33
0.171588 56
0.663589 35
0.514933 2
0.017126 23
1.410046 1
0.087041 1
0.211033 1
0.168410 1
0.232251 2
0.000172 75
0.001997 1932
0.006620 6588
0.021188 8192
0.029518 8192
0.029536 8192
0.030599 8192
0.030821 8192
0.029826 8192
0.029586 8192
0.030473 8192
0.028796 8192
0.027959 8192
0.028032 8192
0.029911 8192
0.030479 8192
0.028406 8192
0.029603 8192
0.028713 8192
0.027940 8192
0.028090 8192
0.030020 8192
0.029844 8192
0.028050 8192
0.029106 8192
0.029302 8192
0.028517 8192
0.029086 8192
0.028555 8192
0.029313 8192
0.027185 8192
0.028972 8192
0.028974 8192
0.027926 8192
0.028525 8192
0.029446 8192
0.028667 8192
0.028471 8192
0.030980 8192
0.029259 8192
0.028301 8192
0.028374 8192
0.029195 8192
0.028612 8192
0.028719 8192
0.029829 8192
0.029083 8192
0.028914 8192
0.029225 8192
0.029111 8192
0.028052 8192
0.029982 8192
0.030605 8192
0.028053 8192
0.027541 8192
0.029023 8192
0.028537 8192
0.027805 8192
0.031891 8192
0.030740 8192
0.031007 8192
0.028194 8192
0.031575 8192
0.032059 8192
0.029560 8192
0.029343 8192
0.029570 8192
0.028211 8192
0.028547 8192
0.029546 8192
0.029691 8192
0.028437 8192
0.029749 8192
0.029728 8192
0.027905 8192
0.029818 8192
0.029580 8192
0.029261 8192
0.029638 8192
0.031892 8192
0.030539 8192
0.028869 8192
0.028863 8192
0.030894 8192
0.031128 8192
0.034542 10
0.001212 2
0.000368 168
0.849043 13
0.753476 46
0.490727 2
0.862279 168
0.661371 33
0.169745 51
0.165424 46
0.484351 56
0.441999 2
0.075551 72
0.006482 54
0.003968 10
0.010017 45
0.006547 1435
0.539229 25
0.000203 49
0.262955 25
0.000232 48
0.130880 25
0.000220 48
0.203695 25
0.003067 66
0.217620 25
0.002132 65
0.391428 25
0.002840 66
0.539107 25
0.002966 78
1.226647 25
0.000999 60
1.615552 23
0.000200 93
1.615109 56
0.759645 58
0.388332 74
0.194173 74
0.173330 74
0.184632 74
1.121255 58
0.556167 58
0.119476 58
0.756038 42
0.100489 18
0.001073 54
0.178033 50
0.000250 6
0.173582 1
0.087570 1
0.069626 1
0.000498 14
0.000122 16
0.017410 18
0.005763 62
0.011910 168
0.330605 18
0.214353 51
0.146515 51
0.166699 46
0.651672 51
0.544252 46
0.409912 2
0.88