0.165061 168
75.384618 1
0.078555 1
0.064622 1
0.170236 1
0.294597 1
0.224722 1
0.132526 1
0.181599 1
0.174216 1
0.114604 1
0.090460 1
0.157124 1
1.070565 1
0.600278 1
0.279430 1
0.171416 1
0.123957 1
1.386102 1
0.202905 1
0.140348 1
0.152439 2
0.121358 72
0.010901 67
0.022551 27
0.000462 18
0.001197 2029
0.000922 1560
3.023694 21
0.000250 84
1.215464 31
0.240094 29
0.095097 29
0.175914 29
0.376018 37
0.724729 29
0.120918 29
0.300935 29
0.101444 29
0.164062 29
0.222612 30
0.705549 48
0.371085 30
0.083192 30
0.417034 30
0.299442 30
0.101502 30
0.211760 30
0.252231 30
0.127185 30
0.498239 55
1.041227 40
2.847442 29
0.282466 29
0.101664 29
0.082574 29
0.163168 29
0.231667 29
0.035928 29
0.121613 29
0.732734 30
0.821831 48
0.818018 30
0.174723 30
0.201951 30
0.187154 30
0.141621 30
0.100041 30
1.493764 52
0.596524 40
0.898287 29
0.144141 29
0.129133 29
0.099716 29
0.144510 48
0.081864 28
0.214577 29
0.084536 29
0.155022 31
0.143503 30
0.640391 30
0.125055 30
0.149035 30
0.200041 30
0.130506 52
0.352079 29
0.143618 30
0.307310 30
0.233729 31
0.308634 30
0.259807 40
0.686957 29
0.082591 29
0.046139 40
0.100961 28
0.143527 29
0.103839 29
0.126423 29
0.097999 29
0.506942 31
0.049450 43
0.727521 35
0.846126 43
0.493868 29
0.374056 73
0.260636 69
0.447569 41
0.329512 29
1.124608 37
0.333117 30
1.507636 33
0.088067 33
0.161283 33
0.204947 33
0.115706 33
0.086661 33
0.831951 33
1.793890 34
0.062339 33
0.069712 45
0.539712 33
6.025219 47
2.461750 49
2.880315 33
2.593538 41
0.072726 41
0.582401 33
0.082839 32
2.922199 41
1.039497 56
1.390864 46
0.248248 74
1.886626 33
0.057126 33
0.130427 51
0.879972 33
0.282893 33
0.316443 33
0.102041 33
0.121417 48
2.014587 32
3.507965 33
1.086771 33
0.464701 32
0.968881 51
0.799753 39
0.473556 32
0.166889 32
0.180261 32
0.189616 52
0.199180 33
12.826019 33
0.459149 44
0.225270 32
0.159560 32
0.172068 32
0.172232 49
0.298470 32
0.259455 113
0.246347 32
0.563387 32
1.742849 113
0.061419 113
0.217440 113
0.249151 113
0.787996 113
0.118093 114
0.446984 113
0.643833 41
1.752355 33
0.124864 33
0.182075 33
1.061045 33
0.083330 33
0.124418 34
0.230357 33
2.678133 56
1.006804 60
0.073422 47
0.371950 32
0.281634 99
0.183929 101
0.401512 46
0.256245 32
1.953632 33
0.135951 33
0.134651 33
0.131285 33
0.238111 32
0.458869 33
0.520709 34
0.727622 32
0.075629 33
0.439983 33
0.468029 40
0.100657 17
0.000275 36
0.264695 22
0.000737 33
0.206938 1
0.067764 1
0.085609 1
0.000361 14
0.000130 18
0.048736 23
0.011602 62
0.018737 168
0.825720 20
0.175239 79
0.567763 423
0.383340 35
0.256885 20
0.334666 17
0.350680 28
0.472203 27
0.195134 28
0.191323 43
0.512480 47
0.164273 29
0.189044 34
0.236952 52
0.418010 48
0.296241 1
0.803098 4
0.154068 4
0.438722 4
0.023829 4
0.022566 4
0.023913 4
0.024597 4
0.023246 4
0.023815 4
0.023697 4
0.024042 4
0.023989 4
0.023635 4
0.158148 4
1.535921 1
0.077808 1
0.295256 1
0.379591 1
0.293752 1
0.215202 1
2.065042 1
0.415825 1
0.617718 1
0.169936 1
0.894535 2
0.044217 85
0.001161 65
0.002586 193
4.165230 25
1.208605 1
0.438142 1
0.023616 1
0.023716 1
0.024065 1
0.024209 1
0.023545 1
0.235854 1
0.866501 5
1.538620 5
0.127608 5
5.424854 2
1.204915 168
0.886513 28
0.379242 39
0.424095 39
0.219983 31
0.154645 1
1.254215 1
0.069619 1
0.735544 1
0.510697 1
0.390350 1
0.087350 1
0.888996 2
0.023867 10
0.001781 168
103.442563 6
0.328825 34
0.318406 39
0.297740 49
0.301741 79
0.314415 199
0.000447 274
1.131796 2
0.118985 72
0.011383 56
0.000498 9
0.018036 27
0.001776 18
0.001857 2047
0.000940 806
0.864144 24
0.000342 44
0.923933 24
0.000241 41
0.697567 24
0.000257 45
0.437949 24
0.002828 59
0.021014 24
0.001360 51
0.022751 24
0.000328 44
0.023591 24
0.000452 44
0.023253 24
0.000283 44
0.023624 24
0.000222 44
0.023681 24
0.002407 65
0.021654 24
0.001926 57
0.021762 24
0.000224 25
0.023822 48
0.023962 24
0.000280 24
0.023293 24
0.000169 24
0.023840 24
0.000214 24
0.023825 48
0.024390 48
1.641616 22
0.000195 89
0.469398 32
0.404024 74
9.726894 33
0.083647 33
0.215784 33
0.239542 33
0.150651 33
0.099089 33
1.234228 33
0.460016 34
0.073119 33
0.155475 45
0.478905 33
0.464599 33
0.112186 33
0.697216 33
0.057884 33
0.185282 33
0.082353 33
0.264459 34
0.204738 33
0.111574 33
0.103214 33
0.535610 32
0.667815 33
0.102910 33
0.238560 33
0.174161 33
0.437533 33
0.346483 40
0.101043 17
0.000335 36
0.453696 22
0.000199 33
0.328969 1
0.034593 1
0.768590 1
0.000543 14
0.000175 18
0.022173 18
0.010830 8
0.000189 54
0.019627 168
0.411916 20
0.193233 29
0.340359 34
0.524074 2
1.199162 168
1.447204 28
0.175983 52
0.157321 29
0.556008 2
0.025384 10
0.001634 168
1.138624 6
0.423168 34
0.592880 52
0.389270 29
0.261340 26
0.345021 2
0.108516 72
0.009863 56
0.003077 10
0.018544 27
0.000294 18
0.004534 2047
0.001578 720
25.007638 22
0.000206 89
0.553113 34
0.823357 35
0.056418 34
1.068117 34
0.125995 34
0.168353 34
0.217314 34
0.109141 34
0.097756 34
0.236101 34
0.286368 34
0.404186 35
0.096976 34
0.188303 34
0.125700 34
0.073681 34
0.513229 34
0.017931 48
1.132486 36
0.376108 59
0.445129 44
0.624741 59
0.695068 50
40.818995 32
0.862184 34
0.843042 34
0.129519 34
0.078663 34
0.241828 34
0.099755 34
0.102787 34
0.211951 35
0.994758 59
0.658163 50
0.273573 59
0.177669 44
0.308918 32
0.438050 32
0.024669 33
0.023751 32
0.024036 32
0.023386 32
0.023680 32
0.023751 32
0.023892 32
0.023942 32
0.023770 32
0.025007 32
0.023181 33
0.023566 32
0.023949 32
0.024381 32
0.025824 44
0.023677 32
0.025107 32
0.021856 36
0.022247 1
0.353249 60
0.437943 50
0.019894 42
0.023699 42
0.023421 42
0.024079 42
0.025523 42
0.022006 43
0.025568 42
0.022626 42
0.024452 42
0.022903 42
0.024587 42
0.023350 42
0.023911 42
0.024459 42
0.024007 32
0.023808 43
0.187430 32
0.764028 33
0.303738 59
0.200843 44
0.196931 59
0.475585 93
0.801464 34
0.096706 34
0.102626 52
0.894850 34
0.669522 34
0.077345 34
0.169162 34
0.102566 35
1.126318 33
0.061249 34
0.080887 33
1.513567 34
0.134668 34
0.185151 34
0.222207 34
0.084769 34
0.086931 34
0.293880 35
0.268395 34
0.346746 34
0.083537 34
0.161051 34
0.126523 34
0.094518 34
1.843345 34
0.056930 47
1.870327 39
0.292481 34
1.502369 34
0.061497 34
0.139143 34
0.133162 34
0.352394 33
3.059576 34
0.419599 34
0.085985 33
0.301348 34
0.154758 35
1.351140 34
0.234386 34
0.115711 34
0.106558 34
0.362777 34
0.328033 34
0.257382 34
0.093606 34
0.576462 34
0.361904 35
0.029721 47
0.424361 39
0.728908 63
0.299835 39
10.193547 33
2.082790 34
0.149611 34
0.811022 34
0.094712 34
0.083775 34
0.127316 34
1.959349 59
1.145557 62
1.255945 48
0.354959 33
0.311547 105
0.148904 107
0.312567 49
1.929900 33
0.444552 34
0.194772 34
0.096594 34
0.086060 34
0.268164 33
0.397651 34
0.132221 35
0.091150 33
1.854352 34
0.511082 34
0.044133 34
0.135211 34
0.095964 34
1.330498 33
1.127411 33
1.463138 33
0.449602 60
0.870879 52
0.009534 60
0.401508 50
0.834713 59
0.641167 50
0.733772 32
0.181078 32
0.180784 32
0.179021 33
0.826094 45
0.175913 44
0.169750 44
0.167679 44
0.175769 44
0.183787 44
0.185860 44
0.210049 44
0.757897 32
0.008604 32
0.304027 59
0.475484 93
0.768649 34
0.144934 34
0.126658 34
0.099026 34
0.226001 33
0.301725 34
0.124689 34
0.109800 34
1.550709 34
0.069092 34
0.107455 34
0.085629 34
0.481466 34
0.467922 42
0.100865 18
0.000404 40
0.272916 23
0.001439 27
0.002577 6
0.186854 1
0.087221 1
0.493386 1
0.000396 14
0.000095 18
0.018370 18
0.008875 62
0.013432 168
0.453126 1
0.336319 20
0.210434 29
1.010389 34
0.543990 2
0.796351 380
0.086008 168
2.664411 28
0.262732 52
0.464892 2
0.112749 72
0.012334 56
0.000472 10
0.019535 27
0.000991 18
0.005088 1968
0.001539 424
0.901707 68
0.283544 25
0.000288 49
0.189050 25
0.002638 72
0.458545 24
0.002112 65
0.006776 25
0.002392 72
0.327004 24
0.002008 65
1.397734 23
0.000342 45
0.502319 51
0.994218 23
0.000249 94
0.377979 33
0.722578 34
0.333679 42
0.100927 18
0.000330 40
0.395439 56
0.235879 1
0.076801 1
0.132483 1
0.000384 14
0.000103 18
0.037369 18
0.009476 62
0.015279 168
0.503461 20
0.213342 48
0.675021 2
1.213436 168
0.403871 28
0.208013 52
0.189311 48
0.338755 52
0.530048 29
0.583007 2
0.020671 12
0.000306 10
0.001659 168
70.459027 6
0.150415 34
1.400544 52
0.631087 2
0.108889 72
0.011824 56
0.000392 10
0.019479 27
0.002030 18
0.002897 1969
0.001152 424
1.404163 25
0.000317 46
0.966093 25
0.000327 46
3.212466 23
0.000262 94
1.016508 33
0.438319 33
0.024122 33
0.023554 33
0.023803 33
0.612164 51
0.227667 52
0.151852 51
0.156894 51
0.158363 51
0.155712 51
0.169049 51
0.381572 51
0.389571 33
0.191448 33
0.170762 33
0.172594 33
0.179234 33
0.381871 35
0.959356 36
0.103112 35
1.644456 35
0.896687 35
0.142356 35
0.133511 35
0.161254 35
1.810922 35
0.465579 35
0.212486 35
0.741087 44
1.748064 62
0.835626 40
0.100750 18
0.003310 35
0.595405 22
0.000582 33
0.761007 1
0.069676 1
0.079700 1
0.000447 14
0.000104 18
0.041949 18
0.009945 62
0.018796 168
0.267012 20
0.213621 29
0.830997 34
0.418226 2
1.138390 168
0.549090 28
0.189213 52
0.415188 29
0.980183 2
0.024062 12
0.001806 168
0.892490 6
0.211276 34
1.097572 37
0.532850 34
0.213407 52
0.542560 2
0.132297 72
0.012583 56
0.001267 10
0.022018 27
0.000591 18
0.008785 1999
0.001087 419
0.941360 49
0.486755 24
0.006049 91
0.761284 24
0.004377 82
0.519960 24
0.000211 25
1.231397 23
0.000912 24
0.927610 24
0.000282 25
0.518800 24
0.005452 91
0.416079 24
0.005442 82
1.077779 22
0.000178 88
0.361640 33
0.907795 95
2.303180 55
0.202306 46
0.176535 29
0.162327 29
0.166404 57
0.167348 43
0.171500 28
2.115785 38
0.101046 16
0.000202 33
1.323803 27
0.504957 21
0.019256 6
0.151048 21
0.000188 71
0.302277 23
0.000531 39
0.229778 23
0.000311 39
0.164854 23
0.000227 46
0.154792 24
0.000374 41
0.158213 24
0.000340 41
0.182435 24
0.000384 41
0.416167 24
0.004241 69
0.899029 24
0.002092 62
0.509378 24
0.000224 25
2.558343 22
0.001261 28
0.002951 201
1.276521 24
0.000294 45
2.024748 23
0.100625 58
0.464717 22
0.000253 32
0.186825 1
0.076872 1
0.084259 1
0.000379 14
0.000090 18
0.096122 18
0.005076 8
0.000345 54
0.020340 168
0.542021 20
0.187121 29
0.342882 34
0.488674 2
1.215043 168
0.446313 28
0.164694 52
0.288802 29
1.752123 2
0.021272 22
0.001969 168
1.512233 6
0.181409 34
0.162364 52
1.067626 2
0.113646 72
0.012064 56
0.000414 10
0.021231 31
0.000335 14
0.005046 1968
0.502501 24
0.000392 45
0.821400 24
0.002517 69
0.381860 24
0.000185 25
3.906576 22
0.000191 88
0.548429 33
0.608151 95
0.729204 78
0.802563 34
0.088823 34
0.085698 34
0.087160 34
0.226083 33
0.313321 34
0.129769 34
0.083559 34
0.506648 42
0.485714 42
0.240083 42
0.182776 42
0.140075 42
0.101843 42
0.214943 42
1.535187 42
2.215690 44
0.349172 42
0.085235 42
0.181712 43
0.190694 42
0.296935 42
0.204580 42
0.138438 42
0.143377 42
0.482966 42
0.167363 42
0.167331 42
1.635892 42
0.228149 34
0.377283 34
0.121928 34
0.094814 33
0.510381 34
0.326342 34
0.109399 34
0.282929 34
0.665173 34
0.345179 42
0.100580 18
0.000331 40
0.395727 23
0.000190 33
0.211316 1
0.079670 1
0.081487 1
0.000458 14
0.000145 18
0.024419 18
0.008524 62
0.015423 168
0.342389 20
0.153997 29
0.132565 34
0.618830 2
1.147443 168
0.278841 28
0.176267 52
0.353868 29
0.569047 2
0.021910 41
0.001407 168
7.834268 6
0.234234 34
0.322321 52
1.107095 2
0.116107 72
0.008564 56
0.001546 10
0.018501 31
0.000365 14
0.005876 1770
0.589079 25
0.000387 47
0.309974 24
0.002028 67
0.182342 25
0.001669 66
0.778376 25
0.001913 73
2.180483 22
0.003337 91
0.853151 95
0.211001 78
0.718370 34
0.117631 34
0.142181 34
0.134838 34
0.220420 33
0.380442 34
0.116860 34
0.136955 34
0.193406 34
0.105841 34
0.153980 34
0.364774 44
0.160526 44
0.128794 44
0.232665 34
0.127761 34
0.141698 34
1.045553 34
0.254472 34
1.239992 44
0.740977 34
0.327716 42
0.100564 18
0.000347 40
0.274103 23
0.000219 33
0.182977 1
0.091400 1
0.085307 1
0.000395 14
0.000122 18
0.018661 18
0.009417 62
0.011797 168
0.564465 20
0.312223 29
0.372079 34
0.523825 2
1.187931 168
0.259694 28
0.212489 52
0.905583 2
0.111912 72
0.009138 56
0.001416 10
0.017270 27
0.000347 18
0.006918 1536
1.283492 25
0.000468 47
2.360665 22
0.000161 32
0.349212 1
0.119732 1
0.008919 28
0.000142 61
0.016357 168
0.810146 20
0.281149 48
0.293950 52
0.199205 29
0.542195 2
0.020323 43
0.001877 168
25.779908 1
0.022941 1
0.085483 1
0.136869 1
0.657451 1
0.351648 1
0.106994 1
0.156313 1
0.191904 1
0.092523 1
0.072951 1
0.134419 1
0.635010 1
1.688424 1
0.842961 1
4.926032 1
0.051556 1
1.487430 2
0.132252 72
0.010243 64
0.028563 13
0.000269 32
0.000794 2029
0.000819 1560
2.446108 105
2.127347 31
0.305631 29
0.091879 29
0.082327 29
0.099104 29
0.217295 29
0.063815 29
0.107152 29
0.595122 31
0.379219 30
0.082879 30
0.169820 30
0.213719 30
0.085875 30
0.197085 30
0.207831 30
0.097195 30
0.436091 30
0.312766 40
0.372279 29
0.069018 29
0.118743 29
0.087638 29
0.173093 29
0.113922 28
0.142033 29
0.072994 29
0.115567 31
0.068558 30
0.154971 30
0.098242 30
0.170232 30
0.221433 30
0.094476 30
0.369471 29
0.149641 30
0.219834 30
0.174739 31
0.212999 30
2.171127 40
0.101164 17
0.000310 34
0.426382 22
0.000189 33
2.466509 1
0.434323 1
0.276936 1
0.009533 28
0.000151 61
0.016486 168
1.150128 17
1.135185 1
0.089522 1
0.111851 1
0.130425 2
0.116582 72
0.007363 67
0.021465 45
0.001083 2029
0.000929 1560
1.765460 21
0.000197 84
0.291087 31
0.296067 29
0.121171 29
0.142579 29
0.097203 29
0.213192 29
0.046581 29
0.120501 29
0.190692 30
0.445011 48
0.411398 30
0.061083 30
0.164151 30
0.231328 30
0.118142 30
0.149624 30
0.206601 30
0.140029 30
1.574041 55
0.666162 40
0.530769 29
0.053265 29
0.116519 29
0.086028 29
0.142553 48
0.103496 28
0.129683 29
0.071111 29
0.110937 31
0.088547 30
0.149816 30
0.100264 30
0.149265 30
0.262481 30
0.109474 52
0.267954 29
0.088561 30
0.181955 30
0.185626 31
0.215190 30
0.289886 40
0.499476 29
0.075382 29
0.104164 40
0.063335 28
0.129241 29
0.096352 29
0.096560 29
0.089302 29
0.153704 30
0.304284 29
0.329982 31
0.026495 43
0.205020 33
0.326594 30
0.382882 43
0.374043 29
0.254026 73
0.142260 69
0.319943 41
0.165047 30
0.838048 33
0.063183 33
0.143286 33
0.062735 33
0.096748 33
0.045576 57
0.157665 32
0.406365 42
0.357807 33
0.407299 57
0.416176 120
1.721122 33
0.076962 33
0.035806 45
0.104719 32
0.146852 33
1.042367 33
0.249008 74
0.711084 33
0.076940 33
0.080346 33
0.135787 33
0.223432 32
0.239474 33
0.287446 33
0.223718 34
0.091036 33
0.106664 33
0.322873 42
0.124240 33
0.185281 33
0.728353 33
0.038790 46
0.436710 38
0.317789 60
0.371853 38
0.532189 40
0.098131 17
0.000288 36
1.300307 22
0.000182 33
1.240128 1
0.066709 1
0.086692 1
0.000497 14
0.000140 18
0.036590 22
0.008189 62
0.014046 168
0.620556 20
0.163118 6
0.449825 28
0.246667 23
0.438334 3
0.024518 23
0.023730 1
0.023925 1
0.023685 1
0.023618 1
0.024022 1
0.023864 1
0.024111 1
0.023910 1
0.023523 1
0.464411 20
0.538783 6
0.149956 28
0.145097 26
0.169809 48
0.186473 52
0.335167 48
0.535885 1
0.438237 1
0.024409 1
0.023578 1
0.023750 1
0.024153 1
0.023981 1
0.023603 1
0.023781 1
0.234532 1
0.185573 1
0.315999 1
0.571922 3
0.342256 5
0.250530 5
0.244963 5
0.235955 5
1.281670 5
0.591021 5
0.690223 5
0.064932 5
0.650784 3
0.438059 3
0.025169 3
0.023147 3
0.023719 3
0.023691 3
0.024111 3
0.023657 3
0.024255 3
0.024015 3
0.023549 3
0.024015 1
0.023923 1
0.586745 4
0.204688 4
0.190371 4
0.180546 4
0.899152 1
0.565700 1
0.624641 1
0.071984 1
2.113595 2
0.637739 332
0.075061 168
3.467825 28
0.193579 52
0.846790 48
1.816062 52
0.652948 2
0.113262 72
0.012333 56
0.000508 8
0.019029 27
0.001467 18
0.001570 2047
0.000872 972
0.828879 24
0.000298 47
0.545127 24
0.000323 47
0.272826 24
0.002012 56
0.436356 24
0.002194 44
0.026474 24
0.001187 47
0.018277 24
0.000492 44
0.026019 24
0.008303 44
0.012475 24
0.000250 45
0.024024 24
0.000337 44
0.205851 24
0.000937 44
0.185287 24
0.000255 44
1.194403 22
0.000183 88
0.430767 43
0.787648 43
0.117487 43
0.084264 44
1.099260 52
0.999300 40
0.100853 17
0.000336 35
0.339935 22
0.000192 33
0.164542 1
0.074470 1
0.202060 1
0.000412 14
0.000101 18
0.036090 16
0.008771 62
0.016249 168
0.473746 20
0.171744 48
0.935444 2
0.655496 347
0.068973 168
33.378342 28
0.216027 52
2.943128 2
0.117215 72
0.009580 56
0.002489 8
0.026935 27
0.000346 18
0.002851 2047
0.000841 974
0.793128 24
0.000835 41
0.413323 24
0.000395 41
0.289339 24
0.000279 46
0.718117 24
0.000309 44
0.203197 24
0.000321 44
0.169751 24
0.000329 44
0.587148 22
0.000199 6
0.121104 22
0.002364 217
4.374145 23
0.000636 44
0.204511 24
0.000504 44
0.183694 24
0.000272 44
0.438138 24
0.000343 44
0.024416 24
0.000332 44
0.023214 24
0.001163 44
0.566675 22
0.000209 6
0.154527 22
0.003001 219
1.165219 23
0.003505 54
0.323909 23
0.001709 42
0.202702 24
0.001456 45
0.172942 24
0.001613 56
0.202659 49
0.698836 22
0.000243 88
0.417182 29
0.343063 120
25.611187 33
0.103262 33
0.088339 33
0.089478 33
0.250735 32
0.265337 33
0.123863 33
0.095039 33
1.162916 41
1.263275 41
0.277188 41
0.087249 41
0.123847 41
0.164858 41
0.148204 41
0.169480 41
1.103609 41
0.916236 42
0.738645 41
0.837063 32
0.676545 33
0.119710 33
0.082557 32
2.248230 33
0.088113 33
0.644951 42
0.281660 33
0.102281 33
0.230520 33
0.869472 34
0.030224 57
0.783898 33
0.355253 33
0.075388 33
0.028723 45
0.798208 53
0.935896 43
0.269691 33
0.145575 33
0.125714 33
0.493210 33
0.094413 33
0.096508 33
0.141427 33
1.107156 33
1.127342 74
2.252589 28
2.004181 106
0.155592 106
0.691239 116
0.199659 115
0.819575 38
0.100276 16
0.000321 33
0.466163 27
0.121628 21
0.000194 22
1.663931 23
0.000318 43
0.480775 23
0.000302 43
0.399530 23
0.000567 43
1.102863 21
0.002278 162
0.905893 23
0.000464 44
0.193733 24
0.000335 44
0.437595 24
0.000265 44
0.023659 24
0.000375 44
0.023869 24
0.000367 44
0.023772 24
0.000345 44
0.023395 24
0.000268 44
0.023237 24
0.000217 45
0.023604 24
0.000278 44
0.023691 24
0.000266 44
0.023743 24
0.000352 44
0.023659 24
0.000329 44
0.023557 24
0.000355 44
0.023595 24
0.000284 44
1.625904 22
0.000223 90
0.167924 32
0.189282 32
0.177636 32
0.717959 32
0.425911 100
0.189674 100
0.144112 100
0.168508 100
0.161309 100
0.163779 100
0.202769 100
1.316973 90
0.228023 90
0.104613 90
0.057695 90
0.375069 32
0.437485 32
0.025456 32
0.022756 32
0.023695 33
0.023899 32
0.024389 32
0.023898 32
0.023355 32
0.024081 32
0.023904 32
0.023797 32
0.026134 51
0.024657 32
0.042428 40
0.004502 32
0.282486 50
0.499891 84
0.179275 80
0.184462 81
0.624501 71
0.212344 70
0.083432 70
0.101349 97
0.321743 32
0.434313 44
0.023179 32
0.023894 32
0.023651 32
0.023969 32
0.024393 33
0.023831 32
0.023285 32
0.024320 32
0.709303 74
0.130353 74
0.777578 38
0.101473 16
0.001028 33
0.722613 21
0.000203 6
1.579263 23
0.000290 24
0.055802 23
0.001125 39
0.337350 23
0.000312 43
1.072212 21
0.000236 6
0.469811 23
0.000221 24
0.177271 23
0.001401 43
1.421986 21
0.002514 161
1.501421 107
0.178622 32
0.177612 32
0.152943 32
0.438683 32
0.024540 32
0.023500 32
0.023586 32
0.023920 33
0.024940 32
0.022738 32
0.149400 32
0.171469 32
0.186353 32
0.416787 101
0.179224 101
0.153299 101
0.181538 101
0.554671 91
0.174632 91
0.110634 91
0.127757 91
0.186272 91
0.313559 32
0.438100 32
0.023740 32
0.023944 33
0.024255 32
0.023529 32
0.024868 32
0.023457 32
0.025332 32
0.022542 32
0.023161 32
0.024339 32
0.026521 51
0.215337 33
0.207744 39
0.221588 32
0.214373 32
0.452514 51
0.589704 86
0.241642 80
0.188380 80
0.605015 80
0.799144 70
0.294587 70
0.295546 70
0.144148 70
0.282810 80
0.089830 70
0.195439 99
0.614229 46
0.240728 35
0.398070 34
0.431591 57
0.475329 32
0.220522 43
0.641081 32
0.389097 32
0.782542 40
1.873638 47
1.276966 47
0.186270 47
0.825171 47
0.112279 47
0.213309 47
0.561410 47
0.367923 39
1.174365 39
0.163379 40
0.627107 34
0.435244 35
0.568452 32
0.152889 32
0.233983 32
0.429241 34
0.222207 35
1.816702 40
0.100515 17
0.000328 36
1.941243 22
0.001072 6
0.739757 24
0.019836 25
0.587627 24
0.000329 45
0.184856 23
0.000450 47
0.534380 24
0.000267 44
0.858392 22
0.001440 47
0.845757 24
0.000287 44
0.831292 24
0.000262 44
0.194251 24
0.000541 45
0.333853 24
0.000313 45
0.650658 24
0.000312 45
0.184481 24
0.000312 44
0.338048 24
0.000374 44
0.874393 69
4.397714 22
0.000206 90
1.065843 48
1.011166 32
0.575110 38
0.557630 33
0.524845 48
0.510808 34
0.192140 35
0.732728 32
0.170554 33
0.184261 32
0.177720 32
0.182719 32
0.291977 32
0.190304 32
0.200229 32
2.091352 32
0.217102 32
0.161561 32
0.183105 32
0.167147 32
0.179569 32
1.858396 32
0.203767 32
0.491121 65
0.964970 55
0.460989 32
2.251966 17
0.000335 23
0.100016 17
0.000414 36
0.382915 24
0.000432 44
0.425076 24
0.000580 44
0.700253 69
0.375032 24
0.000478 45
3.466960 28
1.395937 24
0.000236 25
0.565601 24
0.000324 45
0.327852 23
0.000373 47
0.382729 24
0.000338 45
0.192990 24
0.000276 44
1.772058 22
0.001831 55
4.507463 24
0.000417 44
1.262882 22
0.000612 90
0.451100 32
0.410057 56
0.550169 32
1.230227 32
1.803693 32
0.639213 46
0.126431 45
0.127339 45
0.494162 45
0.203217 45
1.291680 45
0.325575 37
1.380848 37
0.116859 37
0.097175 37
0.185523 38
0.561973 34
0.238118 35
0.351193 32
0.224407 32
0.153073 32
0.168022 32
0.169230 32
1.078253 46
0.113008 46
0.498076 38
0.200417 38
0.307038 38
0.176855 38
0.587093 46
0.158307 48
0.153825 48
0.159194 48
0.161831 56
0.774472 46
0.144322 46
0.227727 46
0.061088 49
0.222503 46
1.105523 46
0.104497 38
0.742598 38
0.103502 39
0.080736 38
2.363665 40
0.100606 17
0.000227 36
1.630871 28
0.624944 24
0.000208 25
0.384892 24
0.000427 45
1.215052 21
0.002389 188
0.827404 24
0.000352 46
0.188894 25
0.000482 46
0.165826 25
0.000315 46
0.170637 25
0.000252 46
0.439109 25
0.001498 46
0.021898 25
0.000439 46
0.023056 25
0.000259 46
0.023643 25
0.000306 47
0.023622 25
0.000306 46
0.023575 25
0.000339 46
0.023750 25
0.000362 46
0.023936 25
0.000313 46
0.023235 25
0.000295 46
0.023502 25
0.000352 46
0.023588 25
0.000356 46
0.023480 25
0.000249 46
0.541544 25
0.000401 46
1.074000 23
0.000164 95
0.383522 33
0.391850 121
0.187076 121
0.161394 121
0.177037 121
0.180344 121
0.174577 121
0.189308 121
1.810811 110
0.150551 110
0.681254 121
0.674856 110
0.079123 110
0.079384 110
0.133867 110
0.073220 110
0.372854 33
0.693613 33
1.143048 110
0.098232 110
0.225010 34
0.438115 33
0.024180 33
0.044661 33
0.004374 33
0.022414 33
0.023894 33
0.024200 33
0.023533 33
0.024068 33
0.025962 53
0.024745 33
0.021840 40
0.023223 33
0.175066 33
0.205241 33
0.194279 53
0.398717 110
0.195618 102
0.147667 102
0.174894 102
0.181564 102
0.861399 91
0.021378 91
0.182898 91
0.604982 102
0.152801 102
0.164121 102
1.018471 91
0.100543 132
0.134954 95
0.115250 91
0.136893 91
0.056407 122
0.326016 33
0.437027 47
0.022930 34
0.024150 33
0.024094 33
0.023928 33
0.023460 33
0.023908 33
0.023802 33
0.024643 33
0.023577 33
0.023913 33
0.024385 34
0.023042 33
0.023988 33
0.023989 33
0.023826 33
0.024461 33
0.023873 33
0.023490 33
0.023736 33
0.023647 1
1.096851 35
0.267948 29
1.201309 29
0.225217 40
0.100533 17
0.000331 35
1.360523 22
0.003629 188
1.301064 22
0.000184 89
0.426780 33
0.438376 33
0.024042 33
0.024061 33
0.024358 33
0.023273 33
0.023938 33
0.023983 34
0.045013 33
0.004738 33
0.026858 33
0.019107 33
0.233174 33
0.219224 33
0.503303 123
0.221991 123
0.157832 123
0.166319 123
0.173437 123
0.635179 112
0.067552 112
0.170494 112
0.080576 112
0.214275 112
0.364933 33
0.438563 33
0.023817 33
0.024003 34
0.024150 33
0.023935 33
0.023617 33
0.023513 33
0.024141 33
0.024568 33
0.023327 33
0.024038 33
0.026586 52
0.023469 34
0.343992 40
0.200365 33
0.176161 33
0.172473 33
0.189328 53
0.372282 110
0.199554 102
0.161217 102
0.177095 102
0.179553 102
0.707293 91
0.039841 91
0.169416 91
0.066524 91
0.173373 120
1.783344 47
1.097922 40
0.100497 17
0.000229 35
0.942160 22
0.001888 188
1.250164 22
0.000361 89
0.370838 33
0.436498 33
0.024155 33
0.023047 33
0.024106 33
0.024046 33
0.023976 33
0.023654 34
0.024082 33
0.024008 33
0.024043 33
0.023629 33
0.024311 33
0.023400 33
0.024520 33
0.327063 33
0.202421 33
0.327826 33
0.329047 123
0.166249 123
0.147122 123
0.150443 123
0.170105 123
0.996789 112
0.123320 112
0.087766 112
0.174183 112
0.008620 112
1.083654 123
1.421551 33
0.415892 33
0.024216 33
0.023685 33
0.024151 34
0.023836 33
0.024223 33
0.024181 33
0.023289 33
0.024263 33
0.023559 33
0.023881 33
2.090554 52
0.191341 33
0.216055 41
0.177055 33
0.184582 33
0.194164 33
0.171187 53
0.596521 110
0.161058 102
0.160006 102
0.181890 102
0.190907 103
0.648522 92
0.076219 91
0.096433 91
0.202525 118
0.301378 42
0.100877 18
0.001332 51
1.684712 50
0.000364 6
0.191062 1
0.063385 1
0.131528 1
0.000426 14
0.000101 18
0.037776 18
0.007539 62
0.016360 168
1.939575 20
0.199539 48
0.595738 1
0.438117 1
0.023870 1
0.023979 1
0.024012 1
0.024230 1
0.023805 1
0.023499 1
0.024094 1
0.023928 1
1.330607 2
1.099999 168
0.375226 28
0.175566 52
0.341540 48
0.355500 52
0.421703 48
0.347445 52
0.331791 6
0.304781 28
0.581746 26
0.333723 29
0.438908 23
0.023415 3
0.023924 48
0.023968 52
0.024088 48
0.024016 52
0.023581 48
0.023867 31
0.023868 1
0.023947 1
0.023967 1
0.023921 1
0.024067 1
0.023684 1
0.023945 1
0.023991 1
0.023928 1
0.023654 1
0.024038 1
0.024112 1
0.023570 1
0.024005 1
0.023871 1
0.024183 1
0.023744 1
0.023967 1
0.024300 1
0.023540 1
0.563090 1
0.047185 1
0.911458 1
0.540998 1
0.482287 1
0.085378 1
1.205453 2
0.042642 46
0.000376 45
0.002725 168
14.053679 6
0.217318 34
1.593789 52
0.631025 2
0.109378 72
0.011105 56
0.000359 10
0.021234 31
0.000428 14
0.007421 2007
0.001707 170
26.040567 25
0.000212 47
0.437760 24
0.000353 49
0.023147 25
0.000285 47
0.023916 24
0.000305 49
0.023200 25
0.000298 46
0.024279 23
0.000421 47
0.029323 24
0.000285 45
0.017464 23
0.000356 47
0.023666 24
0.000505 45
0.024189 23
0.000248 47
0.023111 24
0.006661 65
0.016701 24
0.004565 60
0.323369 24
0.000366 44
0.329209 24
0.000506 44
0.438444 24
0.008001 62
0.015341 24
0.006469 63
0.097263 24
0.000391 44
0.438348 24
0.000399 44
0.026868 24
0.002914 63
0.017041 24
0.001091 55
0.023013 24
0.000360 44
0.024267 24
0.000313 44
0.023132 24
0.000365 44
0.023463 24
0.000898 45
0.362599 24
0.000289 44
0.413832 24
0.000261 44
0.630260 22
0.000512 89
0.498099 32
0.318845 56
0.308803 34
0.203369 35
0.467273 32
0.184739 32
0.333518 33
0.177633 57
0.207440 34
0.186136 35
0.790926 32
0.158404 56
0.257100 34
0.205448 37
0.496082 33
0.156860 57
0.453425 35
0.199490 36
0.547792 33
0.195990 33
0.531247 33
0.155538 57
0.212801 35
0.201958 36
0.396676 33
0.193563 33
0.458514 34
0.232863 58
1.622651 42
0.100581 18
0.000277 40
1.078594 23
0.000183 6
0.535348 25
0.000181 26
0.634167 25
0.000257 47
1.189522 22
0.002057 187
1.767766 22
0.000505 89
0.483458 33
0.438319 33
0.024329 33
0.023930 33
0.023412 33
0.023741 33
0.023929 33
0.023847 34
0.023893 33
0.145977 33
0.195833 33
0.195800 33
0.160461 33
0.621547 123
0.165481 123
0.180537 123
0.214090 123
0.604327 112
0.455466 112
0.111747 112
0.207158 112
1.035470 33
0.438350 33
0.025199 33
0.023362 33
0.023021 34
0.023975 33
0.023806 33
0.024407 33
0.023448 33
0.024627 33
0.023903 33
0.023200 33
0.025774 52
0.024503 33
0.022609 41
0.022622 33
0.024352 33
0.026189 52
0.024296 33
0.408407 33
0.815344 109
0.196661 103
0.162748 103
0.158471 104
7.605145 93
0.180157 92
0.101576 92
0.155994 119
1.660168 18
0.000335 24
0.100474 18
0.001412 51
1.272054 23
0.000188 33
0.323329 1
0.073394 1
0.213600 1
0.000488 14
0.000107 18
0.039091 18
0.008975 62
0.015935 168
0.525787 20
0.178117 29
0.160533 34
0.680176 2
1.182693 168
0.776355 28
0.165607 52
0.141460 29
0.490173 2
0.022946 82
0.019527 198
338.893268 1
0.025032 1
0.054673 1
0.183950 1
1.927106 1
0.102662 1
0.224603 1
0.287927 1
0.165088 1
0.639399 1
0.030520 1
0.189301 1
0.105296 1
0.336459 1
0.659189 1
0.122365 1
1.542855 4
0.181829 4
0.191271 4
2.388292 1
0.266604 1
0.157064 1
0.772645 1
0.173269 1
0.234802 1
0.089475 1
0.221534 1
0.107303 1
0.074600 1
0.269718 1
0.311407 1
0.145557 1
0.323598 2
0.215744 72
0.012947 73
0.024197 27
0.000338 18
0.003043 3589
2.374419 21
0.020313 84
1.469309 31
0.471281 29
0.060967 29
0.102685 29
0.089119 29
0.223357 29
0.008823 29
0.161596 29
0.539195 30
0.666735 48
1.149784 30
0.425397 30
0.647919 30
0.275305 30
0.089831 30
0.210744 30
0.213596 30
0.133003 30
0.925044 55
2.004453 40
0.977352 29
0.057160 29
0.109262 29
0.090658 29
0.122357 48
0.086338 28
0.139616 29
0.070597 29
0.121688 31
0.064932 30
0.281072 30
0.064635 30
0.146660 30
0.279649 30
0.229052 52
1.282513 29
0.190656 30
0.418565 30
0.126039 31
0.230892 30
1.792891 40
1.755826 29
0.108499 29
40.791135 40
0.090616 28
0.157541 29
0.098994 29
0.064879 29
0.101785 29
0.396369 31
0.017918 43
0.848202 35
0.309529 43
0.432604 29
0.194896 73
0.132421 69
0.257294 41
0.994796 30
5.408083 33
0.051820 49
0.101967 37
0.118175 33
0.119336 33
0.063858 51
0.118122 32
0.826445 34
0.078547 33
0.300914 33
0.100422 33
0.103072 33
0.216318 33
0.132256 33
0.075607 33
0.203535 33
0.592361 33
0.908844 42
1.330267 33
0.194271 34
0.186803 33
0.117185 33
2.169498 33
0.260837 74
1.600495 33
0.073209 33
0.135428 33
0.449567 33
0.262012 32
0.214674 33
0.115806 33
0.088498 33
0.830852 41
0.238360 41
0.133498 41
0.152602 41
0.151341 41
0.102905 41
0.288026 41
0.227473 41
0.062109 41
0.149224 42
0.339667 41
0.070163 41
0.084602 41
0.155548 41
0.062084 41
0.285238 42
0.155665 42
0.113509 42
0.110973 42
0.108272 42
0.104300 43
0.114059 42
0.869438 41
0.138196 42
0.158855 41
0.086532 41
0.333090 41
0.138149 41
0.076354 41
0.179985 41
0.160977 41
0.054648 41
0.218403 41
0.153393 42
0.146282 41
0.155191 41
0.155449 41
0.114704 41
1.222905 41
0.112586 41
2.991904 41
4.642422 33
0.409382 74
1.224858 33
0.057858 33
0.072420 33
0.140846 32
0.957780 33
0.096792 33
0.106602 32
0.772112 34
0.067403 33
0.088593 33
0.131744 33
0.084948 33
0.258280 33
0.129543 33
0.074831 33
0.186984 33
0.562947 33
0.177581 34
0.198270 33
0.123278 33
1.349978 33
0.978195 74
0.316182 74
0.828807 30
0.318340 208
0.947715 30
16.428889 28
0.460192 28
1.548486 33
0.092335 33
0.104005 33
0.111974 33
0.705332 32
0.547895 33
0.123211 33
0.102276 33
1.195624 41
0.327635 41
0.214694 41
0.179664 41
0.212366 41
0.116144 41
0.142089 41
0.107983 41
0.053901 41
0.619961 42
0.216522 41
0.188356 41
0.131783 41
0.161269 41
0.121928 41
0.074133 41
0.093694 41
0.388520 41
0.223382 41
0.403351 42
0.086491 41
0.109531 41
0.078369 41
0.376770 41
0.174120 41
1.150929 41
0.770696 33
5.755270 74
2.019930 33
0.037768 33
0.068187 33
1.680198 32
0.349583 33
0.106178 33
0.090275 32
5.309116 29
0.190046 29
0.147169 29
0.159100 29
0.410753 33
0.437550 32
0.025422 32
0.022549 32
0.024109 32
0.023725 32
0.024259 32
0.023810 32
0.023716 32
0.024105 32
0.023407 33
0.024198 32
0.023796 32
1.026822 34
0.208992 34
0.746290 34
0.205781 34
0.075683 34
0.108381 34
0.082976 34
0.802436 35
0.089053 34
2.636952 34
0.044438 34
0.151891 34
0.154948 34
0.169517 34
0.516040 29
0.174482 35
0.160003 35
0.146252 35
3.419756 34
0.053169 33
0.184621 33
0.042586 33
0.093047 33
0.945212 33
0.057051 74
1.507206 33
0.130753 33
0.088583 33
0.072909 33
0.236484 32
0.263083 33
0.117276 33
0.082218 33
0.648373 41
0.494424 41
0.208118 41
0.085394 41
0.103250 41
0.151695 41
0.079843 41
0.085697 41
0.184795 41
0.182968 42
0.432757 41
0.050379 41
0.198268 41
0.129349 41
0.079024 41
0.132362 41
0.837140 41
0.048161 41
0.170219 41
0.090309 42
0.078921 41
0.194097 41
0.166538 41
2.269640 41
0.064375 41
0.126949 41
0.093866 41
0.165191 41
0.112401 41
0.067551 42
0.156510 41
0.343504 41
1.208602 42
0.680369 41
0.225049 41
0.138050 41
0.425470 41
0.132360 41
0.229241 41
0.094302 41
0.264826 41
0.122013 42
3.031860 41
0.856360 41
0.542285 42
0.269435 41
0.488961 41
0.125350 32
0.737978 32
1.460781 33
2.751185 78
1.004041 34
0.079512 34
0.070244 34
0.183894 33
0.280828 34
0.049627 34
0.160284 34
0.150566 35
0.158541 34
1.055308 44
0.139646 45
0.128185 44
0.131824 44
0.126751 44
0.814195 34
0.109044 34
0.108348 33
0.595964 35
0.078704 34
0.182367 34
0.117404 34
0.065711 34
0.832435 34
0.569711 78
0.111585 78
1.240886 34
0.041219 34
0.110862 52
0.928735 34
0.380475 34
0.096247 34
0.107114 46
0.107836 34
0.135237 34
0.145343 33
0.851016 34
0.054270 33
9.175103 42
0.643564 34
0.179663 33
0.219656 34
0.261487 33
0.236715 35
0.140419 33
2.100571 34
0.033591 34
0.994713 34
0.684386 34
0.839163 44
0.024581 34
0.201599 34
4.219869 35
0.199649 36
0.158834 36
0.385567 35
0.949556 74
1.092595 33
0.105124 33
2.213756 33
0.057869 33
0.082381 33
1.493274 32
0.063314 33
0.072227 33
1.160358 33
0.085188 33
0.135946 33
0.104580 33
0.086876 33
0.976751 32
0.081795 33
0.085253 32
1.070356 33
0.336671 34
0.056272 49
0.136821 37
0.121868 33
0.112157 33
0.031027 33
0.044674 33
0.575013 42
0.150681 42
0.138492 42
0.925460 33
0.067529 51
0.327966 55
1.144232 54
0.077283 41
0.119246 41
0.118820 42
0.709723 43
0.499245 37
0.125252 36
0.156876 35
0.374119 36
1.722687 34
0.110607 33
0.299918 34
0.530121 35
0.083039 34
0.421541 58
0.453495 62
0.082111 48
0.378999 33
0.228456 105
0.104487 107
0.664232 49
0.921017 33
2.120086 34
0.078940 34
0.095574 34
0.080684 34
0.090539 34
0.429487 44
0.131107 44
0.121645 44
0.127738 44
0.114758 44
2.156918 34
0.106100 34
0.221962 34
0.200549 34
0.119015 34
1.135681 33
0.935063 33
0.161903 44
1.136995 34
0.403432 33
0.110861 35
0.063664 33
0.843830 34
2.253347 34
0.063042 34
0.164208 34
0.126056 34
0.501017 33
1.011997 34
0.441113 33
2.106014 35
1.479722 34
0.278115 34
0.093654 34
0.129500 34
0.121113 34
0.330387 33
0.999888 34
0.427345 33
1.934770 62
0.203301 45
0.208934 36
0.305914 35
0.591821 36
1.018317 42
0.436917 42
0.026898 64
0.023578 50
0.021370 53
0.025560 42
0.022356 42
0.023878 61
0.024338 45
0.029284 43
0.019607 42
0.021789 32
0.024427 42
0.023873 32
0.024510 42
0.046564 42
0.001399 42
0.023491 42
0.023203 42
0.024760 33
0.023170 42
0.024593 32
0.023195 42
0.024118 42
0.023982 42
0.023839 42
0.023792 40
0.023662 30
0.168743 231
1.004647 29
0.243259 29
0.321320 32
0.437961 32
0.023529 32
0.024149 32
0.023686 33
0.024374 32
0.023773 32
0.023586 32
0.024148 1
0.373146 74
0.868123 33
0.078695 33
0.416706 33
0.086597 33
0.136742 33
0.305762 33
0.221765 33
0.067094 34
0.201026 33
0.726026 33
0.193683 33
0.190217 33
0.120305 33
0.252974 32
0.115861 33
0.050873 32
0.972496 33
0.079879 34
0.120274 33
0.213245 33
0.159229 33
0.201282 33
0.165547 33
0.070943 33
0.247243 33
0.329718 33
0.199798 33
0.174506 34
0.144336 33
0.352383 32
0.203832 33
0.160275 32
0.912143 33
0.516471 33
0.043358 49
0.111061 37
0.138191 33
0.120996 34
0.103879 51
0.357430 55
1.753195 54
0.262193 41
0.105056 41
0.630027 35
0.174767 35
0.151537 37
0.146990 35
0.306099 35
0.301034 62
0.368682 46
3.442634 34
0.074060 35
0.039300 34
0.138917 34
0.094376 34
0.206241 34
0.104260 34
0.085255 34
0.152932 34
0.809218 34
0.164602 34
0.152055 35
0.116107 34
2.038205 58
0.668100 49
1.202175 18
0.000281 24
0.101570 18
0.000417 40
0.316904 23
0.002531 33
0.204608 1
0.070633 1
0.126871 1
0.019116 14
0.000146 24
0.028801 24
0.009764 62
0.027809 168
1.430465 1
0.419485 1
0.095335 1
0.135027 1
1.128869 1
0.092361 1
0.284679 1
0.080539 1
0.128686 1
0.303727 1
0.144494 1
0.097385 1
0.190187 1
0.272987 1
0.250753 1
0.135514 1
0.647163 1
0.059699 1
0.185672 1
0.079716 1
0.128128 1
0.173126 1
0.053571 1
0.834776 1
0.210070 1
0.238007 1
0.911111 1
0.334547 1
0.734964 1
0.617561 1
0.735931 1
0.059015 1
0.091318 1
0.089438 1
0.082728 1
0.196291 1
0.066700 1
0.078511 1
0.169512 1
0.752685 2
0.893213 538
0.092005 168
2.767410 39
0.222481 70
0.367616 35
0.336873 32
0.571654 2
0.111790 72
0.013912 62
0.028409 10
0.018507 27
0.000276 18
0.005521 1976
0.001355 297
0.694113 25
0.004024 67
0.173209 25
0.002372 64
0.146815 24
0.000351 49
0.151104 25
0.000289 49
0.160968 25
0.000333 48
0.308759 24
0.000539 47
0.196311 24
0.000423 47
1.943749 22
0.000194 89
0.427995 32
0.722145 33
0.477591 40
0.100246 17
0.000309 36
0.664722 22
0.000233 33
0.222914 1
0.080512 1
0.171347 1
0.000377 14
0.000098 24
0.043658 18
0.009185 62
0.014413 168
0.437732 26
0.176938 65
0.674231 2
1.171451 168
1.490637 1
0.050262 1
0.458762 1
0.092735 1
0.106479 1
0.124415 1
0.078943 1
0.195740 1
0.914490 1
0.103805 1
0.246215 1
0.381224 2
0.065673 25
2.529460 1
0.812044 1
0.347227 1
0.393769 2
0.019592 24
1.415458 1
0.237286 1
0.212937 1
0.647458 2
0.000174 41
1.724860 1
0.385164 2
0.021105 168
1.433455 11
0.248988 50
0.804882 70
0.530988 2
0.125050 72
0.008246 62
0.001588 10
0.018399 27
0.000569 18
0.006790 1977
0.001169 293
0.566007 24
0.000345 47
0.216636 24
0.000298 47
0.162377 24
0.000419 50
0.163852 25
0.000302 49
0.161715 25
0.000288 47
0.177864 24
0.003182 67
0.173770 25
0.001835 66
0.423777 25
0.003609 73
0.612206 24
0.006469 91
0.571509 24
0.009215 82
1.275607 22
0.000209 88
0.313162 33
0.535527 95
0.510587 78
1.912929 34
0.112008 34
0.086102 34
0.136938 34
0.298341 33
0.230876 34
0.105912 34
0.075720 34
0.790669 42
0.157454 42
0.163028 42
0.276066 42
0.095002 42
0.215155 42
0.169356 42
0.170158 42
0.144289 42
0.137413 43
0.392574 45
0.434998 44
0.024429 44
0.023639 44
0.023935 44
0.024534 44
0.023063 44
0.178291 44
0.183629 44
0.665515 42
0.256290 42
0.294962 42
0.101480 42
0.097565 42
0.121974 42
0.174762 42
0.111533 42
0.133288 43
0.248568 42
0.212011 42
0.115507 42
0.109601 42
0.134401 42
0.306623 44
0.054623 42
0.085474 42
0.194396 42
0.688420 42
0.180399 42
0.196519 43
0.139016 42
0.135735 42
1.005897 42
0.352262 42
1.605698 33
0.355992 34
0.138938 34
0.075569 33
1.241723 34
0.076072 35
0.204736 34
0.102564 34
0.112122 34
0.725299 33
0.527843 34
0.115742 34
0.056066 33
0.865997 42
0.222617 42
1.466812 43
0.047108 42
0.152456 42
0.115998 42
0.068966 42
1.076990 42
0.197952 42
1.514008 42
0.193666 33
0.425763 34
0.112446 35
0.077173 33
0.932499 34
0.123610 34
0.124724 34
0.238559 34
0.405253 44
0.065400 34
0.093201 34
0.413179 33
0.313503 34
0.115513 34
0.064950 34
0.255046 34
0.087194 34
0.139958 34
0.091056 34
0.662543 34
0.303918 42
0.100604 18
0.000394 40
0.489601 23
0.000296 33
0.362671 1
0.075653 1
0.151589 1
0.000412 14
0.000101 24
0.040632 18
0.009088 62
0.015096 168
0.403615 26
0.167625 42
0.924617 50
0.576041 2
1.093660 168
0.462815 39
0.173361 70
0.140435 42
0.516269 2
0.022923 25
2.736809 1
0.450983 1
0.442750 1
0.368072 2
0.000208 24
0.932818 1
0.265902 1
0.210157 1
0.654806 2
0.000230 41
0.945512 1
0.202241 2
0.018954 39
0.001975 168
8.113172 11
0.619336 2
0.020613 25
2.715646 1
0.182018 1
0.372764 1
0.982138 2
0.000225 24
1.313942 1
0.248682 1
0.187421 1
0.951156 2
0.000171 41
1.775711 1
3.911749 2
0.000221 40
0.004950 168
44.969287 1
0.008929 11
0.195413 50
0.307136 70
0.656838 2
0.120492 72
0.010810 62
0.000469 10
0.019947 31
0.000359 14
0.007031 2047
0.001328 69
0.468625 25
0.006352 72
0.651117 24
0.007475 65
0.365212 25
0.006786 72
0.420428 24
0.000209 25
1.249571 22
0.000219 87
0.528046 45
0.471704 29
0.439307 29
0.023888 29
0.023924 29
0.024025 29
0.023459 29
0.024102 29
0.023991 31
0.023849 28
0.023901 28
0.024565 28
0.023702 28
0.024493 28
0.247877 28
0.218316 28
0.393324 28
0.212311 28
0.438977 28
0.023273 28
0.024047 28
0.023711 28
0.024222 28
0.023851 28
0.025619 40
0.024709 30
0.029088 50
0.023602 29
0.016194 1
0.471902 124
1.647790 38
0.101168 16
0.001299 33
1.159888 22
0.000655 23
2.927427 21
0.023222 181
5.028687 21
0.000192 6
0.144658 21
0.020337 219
1.750401 62
0.001538 200
0.004220 447
3.370277 51
0.431673 41
3.228370 122
1.037787 132
0.983346 40
0.101288 17
0.000349 36
1.434332 24
0.000353 44
3.641962 28
0.508100 22
0.001912 53
2.229024 24
0.002099 61
0.436958 24
0.001467 51
0.026650 24
0.002154 60
0.017180 24
0.000860 51
0.023872 24
0.000320 44
0.022762 24
0.000358 44
0.023352 24
0.000339 44
0.023845 24
0.000305 44
0.023542 24
0.000384 44
0.023007 24
0.000243 44
0.023743 24
0.000341 44
0.194647 24
0.000568 44
0.199195 69
0.156335 24
0.000484 44
0.218478 24
0.000422 44
0.183029 24
0.000320 44
0.179784 24
0.000233 44
2.024584 22
0.000247 89
0.933822 32
0.337225 32
9.095920 32
0.228997 32
0.356164 69
0.216309 69
0.811812 59
0.059542 59
0.088089 59
0.874904 40
0.100238 17
0.000318 35
0.402035 55
0.193728 1
0.068827 1
0.438247 1
0.000387 14
0.000099 24
0.033544 18
0.008238 62
0.015335 168
0.639691 26
0.143744 42
0.995502 50
0.207979 70
0.357723 65
0.392038 2
0.664018 299
0.077313 168
2.954912 39
0.234066 70
2.671638 2
0.130400 72
0.014947 62
0.000591 10
0.021897 45
0.007497 1769
1.423068 24
0.000365 44
0.336958 24
0.000295 44
0.418686 24
0.000411 44
2.340622 22
0.000215 88
2.153169 59
0.306009 59
0.155804 59
0.109166 60
0.652788 59
0.239221 59
0.223591 59
0.713938 40
0.100559 17
0.000404 36
0.758863 22
0.000168 33
0.263559 1
0.045535 1
0.158676 1
0.000380 14
0.000097 24
0.020742 18
0.009130 62
0.013758 168
0.479211 26
0.170672 65
2.177787 2
0.665418 337
0.079865 168
24.402281 39
0.201285 70
1.189837 2
0.105977 72
0.011270 62
0.000606 10
0.022834 27
0.000269 18
0.008685 1777
0.519061 24
0.000331 45
0.439066 23
0.008616 63
0.155382 24
0.007643 60
0.218803 65
1.360003 22
0.000266 87
0.255989 30
0.470686 73
1.636344 29
0.361473 29
0.077059 29
0.136593 29
0.062529 29
0.231783 29
0.061323 29
0.099175 29
0.269748 30
0.737510 48
24.111544 30
0.051585 30
0.249584 30
0.138520 30
0.070485 30
0.205052 30
0.234656 30
0.925767 53
1.347418 29
0.191427 57
0.435169 41
0.017892 35
0.024612 34
0.023383 35
0.023477 29
0.024466 37
0.023901 30
0.023758 30
0.023877 30
0.024513 30
0.257098 30
0.220357 35
0.511459 36
2.035994 42
0.100364 18
0.000338 40
0.436925 50
0.003180 6
0.155596 1
0.073871 1
0.097710 1
0.010040 38
0.033389 18
0.009854 62
0.027347 168
0.837827 26
0.225201 65
0.802558 2
1.732487 168
0.544131 39
0.149979 70
0.128359 65
0.379420 70
0.172351 65
0.171244 70
0.170633 42
0.150380 50
0.586614 53
0.404987 2
0.024743 25
1.411181 1
0.455514 1
0.406330 1
1.332932 3
0.145300 3
0.152393 3
3.822377 1
0.062741 1
0.291973 1
0.818179 2
0.000242 24
0.914819 1
0.170451 1
0.148484 1
0.751365 2
0.000169 41
3.613313 1
0.746834 2
0.000225 40
0.002428 168
11.922800 1
0.331121 11
0.198395 50
0.419105 70
0.637690 2
0.103237 72
0.012444 62
0.000515 10
0.019182 31
0.000282 14
0.007890 1691
0.606019 25
0.000595 47
0.183614 24
0.000325 49
0.161337 25
0.000390 43
0.179912 25
0.000341 43
0.179931 25
0.000282 43
0.167173 25
0.000384 43
0.169608 25
0.000413 43
0.169242 25
0.000257 48
0.169979 24
0.000252 41
0.181182 24
0.000384 45
0.166600 70
0.840275 22
0.000199 6
0.101353 22
0.001183 217
1.205231 27
0.125581 21
0.001448 219
1.324544 21
0.000233 86
101.995015 68
1.068848 85
0.779636 28
0.438248 28
0.024288 28
0.024130 34
0.023849 29
0.024087 29
0.023471 29
0.024055 33
0.023918 33
0.153253 29
0.145281 55
0.150261 50
0.166304 33
0.308681 33
0.437760 33
0.024260 33
0.024173 33
0.023930 33
0.024101 33
0.023447 33
0.023772 34
0.023921 33
0.024209 33
0.023779 33
0.024028 33
0.023524 33
0.024246 33
0.024241 33
0.023280 33
0.024050 33
0.024233 34
0.023739 33
0.023469 33
0.024048 33
0.024462 33
0.023655 33
0.023460 33
0.024691 33
0.023492 33
0.023695 33
0.024519 34
0.023692 33
0.023604 33
0.023463 33
0.024554 33
0.024095 33
0.023504 33
0.023839 33
0.024034 33
0.023909 33
0.024260 34
0.023846 33
0.024511 33
0.024204 33
0.023594 33
0.024559 33
0.023086 33
0.024024 33
0.024280 33
0.025055 33
0.022508 34
0.024149 33
0.023712 33
0.023608 33
0.024122 33
0.027288 33
0.021038 33
0.023603 33
0.023652 33
0.024198 33
0.024401 34
0.290426 33
0.379307 113
1.796847 48
0.120548 48
0.085503 48
0.596211 48
0.073048 48
0.234120 48
0.282575 49
0.094852 48
0.795380 48
0.319737 48
0.132074 48
0.080152 48
0.791830 48
0.202780 48
0.276266 48
0.295066 65
0.025133 63
0.061971 62
0.101863 62
0.611216 73
0.193545 73
0.157029 74
0.155468 67
1.111873 48
0.037279 49
0.093570 48
0.228149 48
0.110281 48
0.143920 48
0.101214 48
0.182374 48
0.144490 48
0.395425 48
0.541155 48
0.453007 82
0.929855 62
0.957672 48
0.115068 48
0.093073 48
15.071825 34
0.438249 35
0.025063 61
0.024475 53
0.024575 62
0.022238 45
0.023557 36
0.023831 36
0.024390 36
0.023348 36
0.024808 58
0.024220 48
0.022714 35
0.024649 35
0.023413 34
0.027677 57
0.021817 42
0.021826 32
0.659356 73
1.429974 69
1.527679 40
0.101210 17
0.000316 34
1.600878 22
0.000275 33
0.311520 1
0.063677 1
0.211827 1
0.000308 14
0.000064 24
0.013375 18
0.005130 62
0.008437 168
0.422049 26
0.200363 42
0.347703 50
0.185856 70
0.348971 65
0.428419 2
2.226770 320
0.110993 168
4.961993 39
4.000656 70
0.753541 2
0.045632 72
0.003688 62
0.002650 10
0.005220 45
0.003073 1728
1.434785 24
0.000299 44
0.330889 24
0.003353 62
0.214492 24
0.002421 59
0.156367 23
0.000308 47
0.385520 24
0.000225 41
0.241882 24
0.000222 41
0.197642 24
0.000252 50
0.186857 25
0.000226 43
0.200457 25
0.000244 49
0.437765 25
0.000250 49
0.023551 25
0.000136 49
0.024115 25
0.000233 47
0.023664 24
0.000167 49
0.023556 25
0.000149 49
0.268198 25
0.001129 72
0.185659 24
0.001489 62
0.153413 24
0.000233 50
0.883810 23
0.000162 94
0.555201 33
0.438561 33
0.024570 33
0.023156 34
0.024289 33
0.023541 33
0.025104 33
0.022533 33
0.024548 33
0.023623 33
0.024004 33
0.023408 33
0.025646 33
0.022983 34
0.023147 33
0.024229 33
0.024036 33
0.023641 33
0.023951 33
0.024032 33
0.024021 33
0.023854 33
0.023712 33
0.024349 34
0.023629 33
0.024026 33
0.023996 33
0.023623 33
0.023705 33
0.024348 33
0.024214 33
0.023426 33
0.023466 33
0.024515 34
0.023407 33
0.024633 33
0.023695 33
0.672690 33
1.253272 33
0.351228 33
0.196896 33
0.155198 33
0.437935 33
0.024284 33
0.023502 33
0.024092 34
0.023732 33
0.023841 1
0.530358 33
0.189557 45
0.217633 44
0.816877 33
1.709348 42
0.100238 18
0.000201 40
0.418963 23
0.000101 33
0.820233 1
0.059965 1
0.127164 1
0.000305 14
0.000062 24
0.013381 18
0.004375 62
0.009153 168
0.521594 26
0.193009 65
0.194029 70
0.343282 65
0.252445 2
1.301756 168
0.593189 39
0.234351 70
0.190216 65
0.340283 70
0.329432 42
0.584902 2
0.014703 25
1.365101 1
0.039621 1
0.560047 1
0.495598 2
0.000208 24
1.463524 1
0.181031 1
0.135618 1
0.890809 2
0.000155 41
1.636072 1
0.784074 2
0.000228 39
0.001369 168
74.952739 1
0.030438 1
0.088104 1
0.833946 1
1.081357 1
0.086346 1
0.163086 1
0.622176 1
0.235744 1
0.215902 1
0.088556 1
0.189354 1
0.115620 1
1.081134 1
0.200822 1
0.095021 1
0.279392 1
0.086702 1
0.229583 1
0.098332 1
0.186283 1
0.124046 1
0.067018 1
3.160569 1
0.160303 1
0.115564 1
0.304013 2
0.048182 72
0.004379 73
0.009075 45
0.000524 2029
0.000469 1560
1.247836 22
0.100506 32
0.000268 23
2.650934 21
0.001734 59
0.001114 39
0.474930 21
0.000230 84
0.077125 31
0.072927 29
0.144472 29
0.780660 37
0.171164 37
0.127159 37
1.794732 29
0.479203 29
0.061722 29
0.120825 29
0.059473 29
0.205470 29
0.056711 29
0.124311 29
0.230718 30
0.348754 48
0.449962 30
0.059778 30
0.121791 30
0.154395 30
0.095106 30
0.199232 30
0.194142 30
0.111319 30
0.504880 55
0.242983 40
0.400279 29
0.069392 29
0.092937 29
0.086429 29
0.095947 48
0.099525 28
0.166352 29
0.057911 29
0.130727 31
0.103209 30
0.150083 30
0.092693 30
0.119677 30
0.169222 30
0.090710 52
0.188892 29
0.121738 30
0.171418 30
0.163578 31
0.239051 30
0.186375 40
0.407631 29
0.081819 29
0.083123 40
0.094537 28
0.125467 29
0.118945 29
0.093961 29
0.108496 29
0.422171 31
0.050437 43
0.176710 33
0.352235 30
0.256598 43
0.470146 29
0.200852 73
0.107426 69
0.210618 41
0.464854 30
1.304679 33
0.073337 33
0.134584 33
0.056965 33
0.103118 33
0.024508 57
0.193987 32
0.368101 42
0.428297 33
0.382434 57
0.322031 120
23.595197 33
0.061117 49
0.091919 37
0.849429 33
0.098123 33
0.113497 51
0.286493 32
0.203336 34
0.105872 33
0.229133 33
0.086853 33
0.139897 33
0.403827 33
0.790998 33
0.237818 33
0.097127 33
0.239764 33
7.188978 33
0.095798 33
0.097547 32
1.025563 33
1.171658 33
0.064200 49
0.066110 37
0.151434 33
0.111678 33
0.102589 51
1.284273 56
0.795122 54
1.331650 64
0.725155 45
0.110570 41
0.404856 32
0.089243 33
0.086484 32
1.856011 33
0.522705 33
0.066709 49
0.097076 37
0.121840 34
0.141694 33
0.082315 51
0.746221 55
0.647093 45
0.785711 41
0.248394 41
0.298170 33
1.894039 74
0.923359 33
0.102750 33
0.284605 33
0.107847 33
0.142422 33
1.497358 42
0.121024 42
0.133768 42
0.147684 42
0.244657 40
0.489718 33
0.069691 33
0.113412 33
0.119291 33
0.268703 32
0.304673 33
0.115051 33
0.100687 33
0.171655 33
0.057137 33
0.164836 33
0.098836 33
0.149565 33
0.388028 33
0.693115 33
0.101627 33
0.089093 33
0.171269 34
1.187795 33
0.672917 40
0.101112 17
0.000234 36
1.690340 49
0.000190 6
0.235577 1
0.052978 1
0.066468 1
0.000267 14
0.000093 24
0.008133 23
0.004744 62
0.008273 168
1.066685 1
0.426653 1
0.088766 1
0.213456 1
0.979191 1
0.117536 1
0.126838 1
0.205079 1
0.139716 1
0.208141 1
0.061683 1
0.162416 1
0.086619 1
0.394486 1
0.147703 1
0.079941 1
0.212431 1
0.141134 1
0.222938 1
0.093956 1
0.243943 1
0.141834 1
0.087913 1
0.434363 1
0.300043 1
0.294608 1
0.805396 1
0.907039 1
0.067476 1
0.110253 1
1.564547 1
0.084025 1
0.094703 1
0.197868 1
0.124647 1
0.178302 1
0.036362 1
0.183312 1
0.094364 1
0.714740 2
0.551068 168
1.375808 1
0.030219 1
0.826101 1
0.054942 1
0.102702 1
0.170593 1
0.163389 1
0.096471 1
0.269218 1
0.201448 1
0.088119 1
0.863998 2
0.011375 8
0.000916 168
2.524217 11
0.151775 50
1.335173 70
0.412528 65
1.338990 53
0.309854 50
0.181439 70
0.516328 2
0.051423 72
0.004167 62
0.002599 9
0.005220 31
0.000233 14
0.001055 2040
0.000605 1055
1.019327 24
0.000273 41
0.233841 24
0.000249 41
0.190229 24
0.000204 46
1.069201 24
0.000309 46
0.999427 22
0.000165 89
0.398229 32
0.414754 74
1.895847 30
0.438216 237
0.116887 42
0.164244 43
0.173522 42
0.438738 42
0.023919 42
0.023877 42
0.023483 42
0.024531 42
0.023450 42
0.024703 42
0.022954 42
0.024457 33
0.023094 42
0.023868 42
0.240718 32
0.195230 42
0.181940 42
0.204346 42
0.213458 40
19.379177 33
0.088366 33
0.085555 45
0.134743 32
0.557133 33
0.088577 33
0.171994 33
0.147697 34
0.294350 33
0.071038 33
0.447060 32
0.323690 33
0.049838 32
1.970532 41
0.199789 41
0.269150 41
0.969767 41
0.162635 42
47.993990 29
0.085305 59
0.009670 44
0.457583 59
0.216049 29
0.281172 42
0.603643 32
0.182533 32
0.184076 32
0.169108 32
2.032988 104
0.043126 103
0.093057 103
0.033811 103
0.157253 103
0.044995 121
0.525598 32
0.438243 32
0.023851 32
0.023780 32
0.024006 33
0.024320 32
0.023593 32
0.024445 32
0.023653 32
0.023551 32
0.023742 32
0.024659 32
0.024568 48
0.024129 32
0.023336 40
0.022688 32
0.023951 32
0.024145 32
0.024573 32
0.024700 53
0.023870 32
0.023639 45
0.023339 32
0.023030 32
0.024454 33
0.024999 48
0.023480 32
0.023665 39
0.023571 32
0.023710 32
0.023818 32
0.024213 32
0.025149 53
0.023543 32
0.023663 46
0.023440 32
0.024439 32
0.023633 32
0.023450 1
0.490323 74
0.962630 33
0.088170 49
0.116860 37
0.128680 33
0.159591 33
0.086600 51
0.159213 32
0.815807 34
0.063121 33
0.065676 33
0.060762 33
0.209695 49
0.618365 32
0.740123 33
0.424623 33
0.186580 33
0.145315 33
0.207154 34
0.178096 33
0.055845 33
0.120120 33
0.090319 33
0.901922 33
0.077775 33
0.094830 33
0.077778 33
0.105326 33
0.057822 34
0.048244 33
0.793322 32
0.122035 33
0.068451 32
1.014503 41
0.261958 41
0.400776 41
0.138983 41
0.238443 41
1.042639 34
7.711180 74
6.884630 30
0.306714 280
19.644260 34
0.401688 33
0.451334 33
1.758107 33
0.632878 43
0.753269 32
0.392707 42
0.192347 60
0.168923 42
0.356097 42
0.162658 42
0.177703 42
0.157015 32
0.181442 42
0.203180 32
0.615269 76
1.335159 31
0.150253 30
0.176850 236
0.835030 33
0.347626 74
0.969412 33
0.080826 33
0.122221 33
0.116855 33
0.227366 32
0.524096 33
0.139940 33
0.599307 33
1.677341 41
2.559091 41
0.336920 41
0.391741 41
0.144108 41
0.110150 41
0.372718 41
0.402666 41
0.094241 41
0.137724 42
0.314695 41
0.520524 41
0.686364 41
0.243309 41
0.157419 41
0.188417 41
0.115636 41
0.162367 41
0.148533 41
0.128663 42
0.103206 41
0.134704 41
0.108758 41
0.142911 41
0.082497 41
0.799268 41
0.111162 41
0.445734 41
1.450976 33
0.210168 74
0.856518 33
0.034299 33
0.090981 33
0.211752 32
0.367069 33
0.109157 33
0.069464 32
1.770223 34
0.081984 33
0.024744 33
0.136031 33
0.109292 33
0.071175 33
1.123110 33
0.269092 74
0.996220 78
23.553271 34
0.070905 50
0.179308 38
0.089260 34
0.151223 34
0.124233 52
0.467140 33
0.742707 35
0.081636 34
0.167189 34
0.147568 34
0.267391 34
0.152491 34
0.100772 34
0.175512 34
0.159632 34
0.413758 34
0.333085 35
0.147793 34
0.126003 34
0.123501 34
0.654035 33
0.111587 34
0.058806 33
1.167261 34
0.091615 34
0.086865 34
0.499324 44
0.142974 44
0.136663 44
0.792434 34
0.441351 34
0.055755 50
0.151515 39
0.115662 34
0.109009 34
0.095719 52
0.728789 57
0.391962 48
0.081737 34
0.098516 34
0.107263 34
0.119493 34
0.088818 35
0.886395 33
0.922846 34
0.081348 33
0.679929 34
0.032539 34
0.133660 34
0.133062 34
0.120753 34
0.208971 34
1.094151 35
0.124574 34
0.069298 34
0.161131 34
1.005734 34
2.074319 78
15.300090 29
0.230683 33
0.149052 32
0.163260 28
0.180782 28
0.176467 28
0.170821 28
0.289275 32
0.439640 32
0.023768 32
0.023817 32
0.024349 32
0.024057 32
0.023759 32
0.024220 33
0.023487 32
0.023793 32
0.023979 32
0.023947 32
0.023458 32
0.024455 32
0.023944 32
0.023583 32
0.023931 32
0.024196 33
0.023936 32
0.023696 32
0.024213 32
0.023963 32
0.023457 32
0.023610 32
0.024807 32
0.025327 48
0.023195 32
0.023091 40
0.023843 32
0.024016 32
0.023131 32
0.024755 32
0.228432 53
0.139487 32
0.133568 45
0.720808 105
0.169560 111
0.146119 75
0.183008 75
0.180676 75
0.179611 75
0.172180 75
0.194612 84
0.539459 83
0.518400 32
0.438136 33
0.024329 32
0.025833 48
0.022648 32
0.023623 39
0.023437 32
0.024066 32
0.023602 32
0.024184 32
0.025262 53
0.023711 33
0.258769 45
0.442308 76
0.167805 83
0.135701 46
0.159557 46
0.167565 46
0.159645 46
0.162963 46
0.179995 54
0.474247 54
0.736946 32
0.169127 32
0.163441 33
0.792782 56
0.924397 55
0.399200 32
0.438444 32
0.167437 32
0.158918 32
0.155812 32
0.822511 42
0.442001 42
1.045152 29
0.173797 35
0.147767 35
0.163679 35
0.165537 34
0.175098 37
0.657082 35
1.369231 40
0.100655 17
0.000197 35
1.825694 22
0.000146 88
0.226309 31
50.922435 29
0.257385 33
0.208502 32
0.526271 28
2.724705 85
0.288044 35
0.262603 33
0.195237 32
0.167481 32
0.438131 32
0.024064 32
0.024361 32
0.023434 32
0.329725 31
0.317923 54
0.232914 33
0.440232 37
0.387780 34
0.438703 33
0.023394 33
0.024187 33
0.023762 33
0.023864 33
0.023635 33
0.023981 32
0.024305 31
0.449769 31
0.619986 109
1.189975 34
0.205424 34
0.302077 29
0.181004 35
0.231930 29
0.534833 32
0.438445 32
0.023501 32
0.023842 32
0.023922 32
0.023586 32
0.024643 32
0.023747 32
0.023583 32
0.024342 33
0.023607 32
0.023910 32
0.023621 32
0.024353 32
0.023486 32
0.024403 32
0.023771 32
0.023623 32
0.024148 32
0.023853 33
0.024197 32
0.024251 32
0.023586 32
0.023577 32
0.024522 32
0.023741 32
0.023694 32
0.024029 32
0.024352 32
0.023523 33
0.023446 1
1.419606 35
0.381131 74
1.337346 33
0.070822 49
0.311267 32
0.593194 52
0.833633 43
0.183174 28
0.179436 33
0.174409 33
0.412111 29
1.561812 59
4.290033 49
1.844136 34
0.411250 33
0.438184 33
0.024245 33
0.024044 33
0.024133 33
0.023479 33
0.024188 33
0.024321 34
0.024169 33
0.022926 33
0.024601 33
0.024398 33
0.022963 33
0.023805 33
0.024539 33
0.023376 33
0.023702 33
0.024456 34
0.023970 33
0.023835 33
0.024116 33
0.023697 33
0.024023 33
0.023683 33
0.025173 49
0.023852 33
0.023056 40
0.023651 34
0.023852 33
0.024401 33
0.023198 33
0.025618 54
0.024291 33
0.022824 47
0.023443 33
0.023696 33
0.023637 33
0.024172 34
0.024184 33
0.023822 33
0.023570 33
0.024069 33
0.023757 33
0.024142 33
0.023580 33
0.024439 33
0.024407 33
0.023522 34
0.023592 33
0.024171 33
0.023989 33
0.023572 33
0.023956 33
0.024123 1
0.791302 35
0.294850 35
0.181718 35
0.167496 60
0.158215 45
0.162360 35
0.563024 35
0.686931 74
1.069077 33
0.411532 33
0.088746 33
0.132137 33
0.080900 33
0.035128 33
0.177557 32
1.841438 32
0.437834 42
0.024356 42
0.023927 42
0.023640 42
0.277207 42
0.215178 40
11.784800 30
0.227365 237
0.828766 60
0.208557 44
0.204842 29
0.227665 34
0.216379 35
0.450156 35
9.449399 34
0.066329 34
0.094800 34
0.221242 34
0.138709 56
1.877092 34
0.366873 34
0.261487 34
0.093006 34
0.101151 34
0.128307 34
0.100080 34
0.093618 34
0.310165 33
0.329480 34
0.141284 34
0.827536 42
0.946454 58
0.968925 49
1.807915 33
0.377299 35
0.375494 35
0.796776 35
0.481772 36
0.344859 33
0.438246 33
0.024962 33
0.022259 34
0.025153 33
0.023868 33
0.024300 33
0.023741 33
0.023913 33
0.023822 33
0.024238 49
0.025877 33
0.022336 40
0.023402 34
0.023906 33
0.023645 33
0.023959 33
0.024632 54
0.024864 33
0.022869 47
0.023160 33
0.024315 33
0.025393 33
0.023239 34
0.023681 33
0.023867 33
0.024407 33
0.023621 33
0.023716 33
0.024186 33
0.023670 33
0.024101 33
0.023872 33
0.024109 34
0.023458 33
0.023732 33
0.024491 33
0.023753 33
0.024335 33
0.023230 1
0.736184 80
6.363183 30
0.437560 34
0.024365 34
0.023927 29
0.025355 59
0.023402 45
0.022934 29
0.599011 32
0.438442 32
0.023768 32
0.023719 32
0.024132 32
0.024239 32
0.023865 32
0.023373 32
0.023784 32
0.023981 33
0.024645 32
0.023608 32
0.024090 32
0.023981 32
0.023136 32
0.024514 32
0.023777 32
0.024297 32
0.023809 32
0.023569 33
0.024885 32
0.023844 32
0.023685 32
0.024441 32
0.023626 32
0.024084 32
0.023910 32
0.023836 32
0.023931 32
0.024280 33
0.023344 1
0.943909 74
2.030768 33
0.074016 49
0.085917 37
0.204901 33
0.125920 33
0.087005 51
0.290975 32
0.806771 34
0.074989 33
0.088755 33
0.043079 33
0.197511 49
0.117863 32
0.850067 33
0.107501 33
0.314957 33
0.133066 33
0.103739 34
0.833735 33
0.170467 33
0.672297 33
0.199152 33
0.073275 33
0.257017 33
0.630832 33
0.161085 33
0.197945 33
0.232505 34
0.881378 32
0.273413 33
0.075856 32
1.482140 41
0.407049 41
0.093719 41
1.494341 32
1.420241 33
0.397196 32
1.304382 32
0.172215 32
0.170250 32
0.998841 43
0.156468 43
0.672252 32
0.183894 33
0.592068 32
1.148684 33
0.427916 43
0.164076 41
0.211124 41
0.463917 34
0.172173 34
0.155499 36
0.166057 34
1.451699 33
0.100782 33
0.200931 33
0.133521 33
0.243359 33
0.182979 33
0.106028 33
0.211709 33
0.134961 34
0.541001 33
0.118456 33
0.130766 33
0.182422 33
0.157509 33
0.225068 33
0.161096 33
1.344241 33
0.793324 35
0.127813 60
0.404906 45
0.221524 37
0.302760 35
0.476802 36
0.515183 35
3.515211 36
1.206511 33
0.199660 33
0.163921 33
0.171114 33
0.185751 1
3.103629 80
10.928066 30
0.235771 34
0.150997 35
0.146838 35
0.161186 59
0.251483 45
0.628204 32
0.207451 32
1.923603 32
0.975657 35
0.667293 45
0.406796 32
0.760185 34
0.077892 34
0.457896 34
0.045957 34
0.136739 34
0.095113 34
0.359634 34
0.193013 35
0.095864 34
0.124793 34
0.169118 34
3.136786 60
0.204134 45
0.153869 37
0.179849 35
0.162158 36
0.167680 35
1.360700 31
0.371302 33
2.345672 34
0.076585 34
0.089675 34
0.173328 34
0.435434 34
0.217240 34
0.098251 35
0.122306 34
0.170907 34
1.682719 33
0.099282 34
0.065638 33
8.074170 34
0.089299 34
0.409405 34
0.111412 34
0.281719 35
0.224015 34
0.116640 34
4.710233 34
0.125817 34
0.721959 34
0.303116 34
0.078072 34
0.148995 34
0.136475 34
2.068309 34
0.140672 34
0.111041 33
1.190102 34
0.413096 34
0.081685 34
0.081775 46
0.486777 54
0.419029 44
3.586464 34
0.108850 35
0.263976 34
0.094733 34
0.129322 34
0.373631 34
0.110245 34
0.332731 34
0.073192 34
0.114163 34
0.244095 34
0.474821 35
0.077387 34
0.123891 34
0.536687 34
1.161866 34
0.771245 80
1.531664 34
0.103429 34
0.119292 34
0.088626 34
0.306393 33
0.890424 34
0.132376 35
0.060049 33
0.840168 42
0.436081 42
0.276850 42
0.118360 42
0.579214 42
0.062772 42
0.216093 42
0.284021 42
0.234083 43
0.489605 42
0.760834 42
0.242750 42
0.077594 42
0.096167 42
1.690503 42
0.257393 42
0.181860 33
0.628866 34
0.120393 35
0.104231 33
1.619575 34
0.034940 34
0.132372 34
0.127543 34
0.311678 34
0.207456 34
0.072296 34
0.119325 34
0.111717 35
0.848756 33
0.269708 34
0.133430 34
0.079514 33
0.347581 42
0.140817 42
1.199246 42
0.132000 42
0.011602 42
0.142645 43
0.055031 42
1.012693 42
0.475155 42
0.177007 42
0.154381 42
0.090161 42
0.076797 42
0.173805 42
0.145772 42
0.183914 43
0.065483 42
0.113546 42
0.232218 42
0.096729 42
0.258262 42
0.052201 42
0.170144 42
0.493920 42
0.382241 44
0.189958 42
0.242621 42
0.224169 43
0.109972 42
0.531924 42
0.412918 42
0.065477 42
0.129157 42
1.209284 42
1.724998 33
0.288727 34
0.122309 34
0.085500 34
0.228373 34
0.102351 34
0.100900 34
0.121130 34
0.793839 80
0.596210 33
0.410768 32
0.202026 31
0.235618 322
1.016723 34
0.245490 80
1.277625 34
0.078032 34
0.112519 34
0.254233 34
0.969278 33
0.295047 34
0.107649 35
0.108714 33
0.407326 42
0.567819 42
0.268141 42
0.174753 42
0.201098 42
0.113508 42
2.922056 42
0.253965 42
0.205958 43
0.379398 42
0.073646 42
0.082007 42
0.073250 42
0.906254 42
0.075191 42
0.172397 42
0.104492 42
0.136487 42
0.077810 43
0.703842 42
0.496588 42
0.097478 42
0.645473 42
1.960500 44
0.188062 44
0.180438 44
1.773490 42
0.266055 42
0.378005 42
2.936493 42
1.244762 42
0.988867 42
0.348883 42
0.300846 42
0.080712 43
0.184958 42
0.687578 42
0.126872 42
0.080599 42
0.373889 42
0.752067 42
1.645641 33
0.849150 33
0.514632 33
0.842343 43
0.111090 43
0.225154 33
3.264533 34
0.371197 80
0.793766 34
0.044543 34
0.082080 34
0.161992 33
0.319689 34
1.015532 34
0.140291 34
0.541902 34
0.090679 34
0.060673 34
0.134812 34
0.102620 34
0.084792 34
0.973404 34
0.373264 42
0.100536 18
0.000252 40
0.557187 50
0.000233 6
0.934168 1
0.047805 1
0.107739 1
0.000253 14
0.000065 24
0.010377 18
0.011851 62
0.007560 168
0.535590 26
0.165281 42
0.179458 50
0.727306 2
1.121311 410
0.000884 280
0.031617 168
4.039468 1
1.800681 39
0.241993 70
3.912698 2
0.300420 72
0.020584 62
0.000206 10
0.043563 45
0.003696 2037
0.000769 43
0.664021 25
0.000316 43
0.406808 25
0.000144 43
0.196200 25
0.000297 43
0.308552 25
0.000161 46
0.438655 25
0.000228 46
0.023264 25
0.000140 46
0.024790 25
0.000248 47
0.022850 25
0.000151 46
0.023702 25
0.000149 46
0.023675 25
0.000270 46
0.024147 25
0.000288 46
0.023294 25
0.000212 46
0.243911 25
0.000280 46
0.195693 25
0.000228 46
0.155914 25
0.000244 46
0.437753 25
0.000166 46
0.215080 25
0.000306 47
0.197855 25
0.000169 46
0.175351 25
0.001349 61
3.699852 29
0.399702 25
0.002433 88
1.268356 29
0.293749 25
0.002320 77
4.275261 29
0.498708 25
0.000775 61
2.164259 24
0.100675 61
0.306342 23
0.000173 32
0.187816 1
0.087441 1
0.089291 1
0.000300 14
0.000085 24
0.013046 18
0.004839 62
0.007924 168
0.326517 26
0.178106 65
0.609244 2
0.272594 404
0.030966 168
3.562366 39
0.235122 70
0.645041 2
0.043423 72
0.004209 62
0.002961 10
0.007048 45
0.003411 2023
0.001744 43
0.549328 25
0.000236 43
0.188495 25
0.000207 47
0.456124 24
0.000204 49
0.417464 25
0.000124 43
0.663685 25
0.000142 43
0.399580 25
0.000139 47
0.192981 24
0.000167 49
0.153398 25
0.000217 48
0.156515 24
0.002129 65
0.502512 24
0.001867 63
0.422179 24
0.000194 44
0.438777 24
0.000146 44
0.023356 24
0.000160 44
0.023689 24
0.000277 45
0.023843 24
0.000241 44
1.016619 22
0.000149 89
0.403943 32
0.361897 32
0.353405 49
0.973143 39
0.443851 40
0.100480 17
0.000199 36
0.425485 22
0.000186 33
0.205590 1
0.064038 1
0.122384 1
0.000483 14
0.000090 24
0.012529 18
0.004453 62
0.006532 168
0.306939 26
0.210272 65
0.411243 2
0.590523 168
0.550548 39
0.153775 70
0.143765 65
0.370017 70
0.351393 65
0.324056 70
0.204206 42
0.174846 50
0.314314 53
0.458890 2
0.011951 26
1.073358 1
0.262119 1
0.122962 1
0.646185 2
0.000845 83
9.734797 1
0.260812 1
0.829099 3
0.907241 1
0.888679 1
6.358381 2
0.000140 26
12.983650 1
0.349053 2
0.000199 82
7.472054 1
0.224174 2
0.001241 168
2.719197 11
0.199476 50
1.061597 70
0.457174 2
0.046166 72
0.005970 62
0.002437 10
0.007364 45
0.003004 2062
0.775980 24
0.002630 65
0.597280 24
0.001991 63
0.148136 24
0.000172 50
0.210347 25
0.000212 47
0.227676 24
0.000181 49
0.419712 25
0.000186 43
0.201520 25
0.000265 43
0.242236 25
0.000151 43
0.248195 25
0.000140 43
0.358791 25
0.000162 47
0.878125 24
0.000298 49
1.324709 25
0.000209 43
0.232195 25
0.000248 43
0.168407 25
0.000158 43
0.176887 25
0.000272 43
0.177697 25
0.000246 47
0.160415 24
0.000227 49
0.253941 25
0.000157 48
0.193125 24
0.002391 65
0.195742 24
0.002668 63
1.953665 24
0.000291 44
0.190358 24
0.000198 44
0.189647 24
0.000269 44
0.196643 24
0.000151 44
0.188691 24
0.000281 44
2.815948 24
0.002149 65
0.289541 24
0.002003 62
0.600158 24
0.002607 64
0.202557 24
0.002274 63
0.619269 24
0.000218 44
0.439025 24
0.000194 44
0.023321 24
0.000180 44
0.023762 24
0.000244 44
0.023205 24
0.000132 44
0.023903 24
0.000138 44
0.024157 24
0.000258 44
0.023520 24
0.000227 45
0.023470 24
0.000256 44
0.023914 24
0.000308 44
0.023736 24
0.000226 44
0.023682 49
0.023339 24
0.000152 24
0.024283 48
0.023761 48
0.024039 48
0.023618 24
0.000121 24
0.024188 24
0.000133 24
4.283977 22
0.000176 89
0.184969 32
0.438256 32
0.024096 32
0.023688 33
0.023594 32
0.024243 32
0.024031 32
0.023931 32
0.251118 32
0.753799 43
0.067574 43
0.114660 43
0.105496 43
0.125603 43
0.091730 44
0.183573 43
0.325564 53
0.268373 43
0.024107 43
0.480014 53
0.527408 43
0.520316 43
0.205809 43
0.211505 43
0.095677 43
0.158048 43
1.294538 43
0.215066 43
15.281332 60
0.339129 45
0.410330 37
5.357158 36
6.235038 32
0.686426 32
0.438319 33
0.023399 32
0.024219 32
0.024416 32
0.023655 32
0.023734 32
0.023833 32
0.023397 32
0.024577 32
0.023746 32
0.023786 33
0.023950 32
0.218355 32
1.289419 40
0.101180 17
0.000226 35
0.287284 24
0.000125 44
0.193613 24
0.000317 44
0.231975 24
0.000299 44
0.201793 24
0.000183 44
2.760943 28
0.891809 28
1.796602 28
0.343781 22
0.000191 26
0.120328 28
1.929328 24
0.000566 349
1.269987 23
0.000155 43
0.371765 23
0.000185 39
0.330966 23
0.000142 41
0.437510 23
0.000139 44
0.024346 24
0.000250 44
0.023661 24
0.000167 44
0.023496 24
0.000279 44
0.023985 24
0.000168 44
0.023679 24
0.000239 44
0.023425 24
0.000355 44
0.023337 24
0.000203 45
0.024046 24
0.000209 44
0.023646 24
0.000254 44
0.023771 24
0.000251 44
0.024068 24
0.000225 44
0.023052 24
0.000254 44
0.024475 24
0.000195 44
0.023093 24
0.000250 44
0.023891 24
0.000206 44
0.023067 24
0.002555 44
0.021751 24
0.000172 45
0.023535 24
0.000152 44
0.024029 24
0.000226 44
0.023502 24
0.000198 44
0.023810 24
0.000274 44
0.023550 24
0.000258 44
0.023322 24
0.000216 44
0.023751 24
0.000185 44
0.023808 24
0.000179 44
0.024053 24
0.000247 44
0.023404 24
0.000169 45
0.024414 24
0.000180 44
0.023282 24
0.000227 44
0.023296 24
0.000141 44
0.023876 24
0.000222 44
0.023314 24
0.000160 44
0.026447 24
0.000144 44
0.021733 24
0.000250 44
0.024323 24
0.000168 44
0.023135 49
0.023436 24
0.000122 24
0.024309 48
0.023717 48
0.027953 48
0.020106 48
0.024037 48
0.023295 48
0.023828 24
0.000095 24
1.953083 24
0.000298 44
0.693022 24
0.000146 44
0.322033 24
0.002110 65
0.609221 24
0.002369 54
0.435833 24
0.000294 44
0.023262 24
0.000130 42
0.023620 23
0.000131 41
0.024205 47
0.023420 46
0.023975 23
0.000112 23
0.024027 23
0.000159 23
0.024190 23
0.000195 23
0.023062 46
0.023887 23
0.000133 23
0.024175 46
0.023515 23
0.000120 23
0.024443 46
0.023803 23
0.000200 23
0.023573 46
1.655777 21
0.001332 161
4.435353 28
0.265370 22
0.000139 6
0.140507 22
0.000222 24
1.290540 28
0.244308 28
0.125239 22
0.000387 348
0.632027 23
0.000222 43
0.982031 27
0.117539 21
0.002112 219
2.197995 21
0.002437 107
1.891982 23
0.000132 44
0.370625 24
0.000231 44
0.271521 24
0.002382 62
0.212052 24
0.000180 25
1.206049 22
0.000165 89
0.268009 32
0.367198 50
0.193856 32
0.153505 45
0.157161 40
2.927005 33
0.168105 33
0.131054 33
0.146178 33
0.205724 32
0.267114 33
0.110990 33
0.079443 33
0.817904 41
0.261934 41
0.197978 41
0.135118 41
0.165483 41
0.101802 41
0.398665 41
0.731916 41
0.072675 41
0.096585 42
0.093090 41
0.462918 42
0.079757 41
0.306642 41
0.447914 41
0.227991 41
0.132796 41
0.175610 41
0.073733 41
0.141007 41
0.193755 41
0.201791 42
0.090109 41
0.144084 41
0.094284 41
0.130987 41
0.357830 42
0.170012 42
0.283376 41
0.157463 41
0.140942 41
0.738258 41
0.155403 41
1.428492 41
1.938565 33
0.407018 78
0.007996 34
0.557161 42
0.819527 34
0.057785 34
0.065287 34
0.134160 33
0.281833 34
0.105552 34
0.097860 33
2.410438 35
0.069387 34
0.061000 34
0.164885 34
0.089459 34
0.080409 34
0.885230 34
0.316658 78
0.961769 34
0.069859 34
0.108834 34
0.110845 34
0.110752 34
0.083792 34
1.109867 34
0.569376 35
0.944113 34
0.216111 34
0.224551 34
0.072440 34
0.126190 34
0.404795 33
0.106274 34
0.041737 33
0.624192 34
0.064496 35
0.098833 34
0.110084 34
0.122283 34
0.067207 34
0.938005 33
0.801898 34
0.121401 33
3.503166 42
0.075733 42
0.153088 43
1.045712 34
2.975522 78
1.084976 34
0.047889 34
0.077250 34
0.213447 34
0.126083 56
0.780587 34
0.715434 34
0.068768 35
0.138428 34
0.073418 34
0.119337 34
0.081063 34
0.701443 33
0.344957 34
0.112354 33
0.454387 42
1.453519 58
0.981964 48
0.186275 30
0.170255 30
0.158157 30
0.164303 30
0.163981 35
0.169836 36
0.549815 33
0.438343 33
0.023928 33
0.024468 33
0.022909 33
0.024538 33
0.023624 33
0.029886 51
0.018774 33
0.024133 41
0.022828 33
0.140182 33
0.187983 33
0.167258 33
0.380528 33
0.768848 42
0.101017 18
0.000227 37
0.522057 25
0.000250 46
1.319901 29
0.411555 23
0.000738 56
1.247092 25
0.000194 46
2.421419 23
0.100382 34
0.000160 24
0.351870 49
0.000146 6
0.195428 1
0.063050 1
0.152792 1
0.000303 14
0.000077 24
0.014619 18
0.005168 62
0.007720 168
0.560014 26
0.204439 42
0.330228 50
0.478352 2
0.273372 453
0.002143 433
0.030871 168
0.950142 39
0.170726 70
1.344379 42
1.397565 37
0.607673 2
0.052039 72
0.005063 62
0.001495 10
0.007370 45
0.003488 1971
0.683297 24
0.000247 45
0.659209 24
0.003410 68
1.178901 24
0.003116 61
0.709258 24
0.000199 48
0.247508 25
0.000145 43
0.153934 25
0.000245 43
0.438316 25
0.000250 43
0.024908 25
0.000189 43
0.022470 25
0.000304 46
0.023187 24
0.000142 41
0.024353 24
0.000302 41
0.225794 24
0.000179 46
0.244963 25
0.000248 46
0.408855 23
0.000192 91
0.210616 30
0.206823 33
0.437743 33
0.024750 33
0.023238 33
0.024353 33
0.024108 34
0.024097 33
0.023943 33
0.023208 33
0.024503 33
0.023759 33
0.024302 33
0.023206 33
0.024405 33
0.023239 33
0.179812 54
1.746949 68
0.443051 43
0.437057 30
0.023560 30
0.247406 30
0.505794 30
0.432988 33
0.196753 33
0.203315 33
0.470894 35
0.413915 35
0.492194 59
0.464027 48
0.347056 32
0.245117 58
1.371249 49
0.387470 56
0.191035 50
0.192982 33
1.431982 29
0.438572 29
0.023577 29
0.024102 29
0.379406 29
0.187728 29
0.177708 29
0.178002 29
0.175558 33
0.522877 239
1.041506 36
0.870304 36
0.379635 30
0.438772 30
0.023500 30
0.809274 30
0.475926 30
0.789681 30
0.601297 30
1.252004 30
0.628041 33
0.438513 33
0.023225 34
0.024588 33
0.023769 33
0.023931 33
0.023633 33
0.023871 33
0.024170 33
0.025547 49
0.023408 33
0.023689 40
0.023299 34
0.023288 33
0.024280 33
0.023868 33
0.025004 54
0.024602 33
0.022426 47
0.023695 33
0.023319 33
0.188433 33
0.185112 34
0.165818 33
0.883615 48
0.189673 48
0.353095 48
0.172582 48
0.180639 48
0.084688 48
0.132815 48
0.496803 42
0.007544 18
0.000304 69
1.116984 71
0.000255 48
0.236597 23
0.000136 44
0.048272 29
0.195736 50
1.474800 25
0.000237 46
0.904153 24
0.100282 36
0.000196 25
0.692931 23
0.000192 32
1.239111 1
0.061281 1
0.166120 1
0.000433 14
0.000094 24
0.017842 18
0.003705 62
0.011167 168
0.589698 26
0.185551 65
1.276317 2
0.479173 168
0.394872 39
0.158621 70
0.157191 65
0.565396 70
0.354313 42
0.641825 2
0.011704 26
1.956634 1
0.110280 1
0.112414 1
0.594030 2
0.000169 86
6.010290 1
0.094788 1
2.382657 2
0.000103 86
5.125193 4
2.175117 1
0.496243 2
0.001054 168
1.374039 11
0.236504 50
0.427292 70
0.592180 2
0.046396 72
0.004573 62
0.001910 10
0.005974 45
0.003297 2111
0.755510 25
0.000151 49
0.338011 25
0.000293 49
0.513929 25
0.000265 43
0.344415 25
0.000236 49
1.394265 23
0.000111 94
0.362880 33
0.358430 80
0.834958 34
0.086126 34
0.063506 34
0.130083 34
0.107703 34
0.078854 34
0.402035 35
0.145839 34
0.401737 34
0.165326 34
0.168726 34
0.080558 34
0.098800 34
0.642190 33
0.075376 34
0.060709 33
7.072554 35
0.075137 34
0.086285 34
0.153523 34
0.139361 34
0.058969 34
0.732697 33
1.040681 34
0.061188 33
1.447499 42
0.071183 43
0.140760 42
1.119699 34
0.352115 42
0.101057 18
0.000282 40
0.308010 50
0.000171 6
0.209226 1
0.087029 1
0.131688 1
0.000443 14
0.000066 24
0.018568 18
0.003731 62
0.007986 168
0.469919 26
0.169214 42
1.215335 50
0.008810 53
0.346437 50
0.529745 2
0.456745 168
0.509050 39
0.165312 70
0.358767 42
0.648270 2
0.009574 26
1.813928 1
0.172752 1
0.138098 1
1.436316 2
0.000125 86
3.100388 1
0.141635 1
0.134560 1
0.905467 2
0.000222 86
3.852676 1
0.432388 2
0.001206 168
18.372900 172
42.744044 1
0.226100 1
0.889722 1
0.897925 1
0.310691 1
0.356464 1
0.761594 2
5.172955 1
0.188734 1
0.117615 1
0.082772 1
0.200366 1
0.184410 1
0.066838 1
0.204132 1
0.101843 1
0.205824 1
0.312324 1
0.121113 1
0.129674 1
0.160035 1
0.109071 1
0.178472 1
1.039856 1
0.640590 3
0.154548 1
0.126587 1
0.375456 1
0.102742 1
0.269176 1
0.157529 1
0.206225 1
0.180401 1
0.119082 1
0.077553 1
0.140151 1
0.084276 1
0.102302 1
0.137248 1
0.083511 1
0.119667 1
0.077608 1
0.072062 1
0.080528 1
0.377595 1
0.091847 1
0.389559 1
0.158848 1
0.129296 1
0.328847 1
0.141057 1
0.433662 1
0.786329 2
0.000140 46
0.001027 168
4.121942 1
0.019311 1
0.723628 1
0.459414 1
0.404561 1
0.082283 1
0.549037 2
0.019205 43
0.000968 168
3.795859 1
0.049984 1
0.703004 1
0.482263 1
0.389223 1
0.287497 1
0.659388 2
0.017828 112
0.001121 168
2.413214 1
0.073239 1
0.539681 1
0.113834 1
0.285113 1
0.098754 1
0.105865 1
0.244630 1
0.115405 1
0.067169 1
0.209789 1
0.389887 2
0.019551 25
3.746308 1
0.458396 1
0.369452 1
1.210192 2
0.003557 24
1.292809 1
0.264773 1
0.212368 1
0.388818 2
0.000078 41
0.926592 1
0.382620 2
0.000612 39
0.000941 168
3.625633 1
0.073110 1
0.843489 1
0.101499 1
0.127854 1
0.206663 1
0.257140 1
0.169114 1
0.086615 1
0.202298 1
0.135685 1
0.498405 2
0.014194 26
1.266657 1
0.158724 1
0.142887 1
0.385384 2
0.000174 86
3.937291 1
0.433297 2
0.001230 168
2715.261085 172
6.060147 172
175707.081565 1
0.106813 1
0.207376 1
0.078267 1
0.315679 2
0.000778 6
